;物品特效配置文件
飞燕・皓天战刃	65535	0	0	0	8	880	18	0	0	5	0	6	0	8
飞燕・皓天权杖	65535	0	0	0	8	1020	18	0	0	5	1200	6	0	8
飞燕・皓天宝扇	65535	0	0	0	8	950	18	0	0	5	2400	6	0	8
仙鹤・皓天战刃	65535	0	0	0	8	880	18	0	0	5	0	6	0	8
仙鹤・皓天权杖	65535	0	0	0	8	1020	18	0	0	5	1200	6	0	8
仙鹤・皓天宝扇	65535	0	0	0	8	950	18	0	0	5	2400	6	0	8
神雕・皓天战刃	65535	0	0	0	8	880	18	0	0	5	0	6	0	8
神雕・皓天权杖	65535	0	0	0	8	1020	18	0	0	5	1200	6	0	8
神雕・皓天宝扇	65535	0	0	0	8	950	18	0	0	5	2400	6	0	8
朱雀・皓天战刃	65535	0	0	0	8	880	18	0	0	5	0	6	0	8
朱雀・皓天权杖	65535	0	0	0	8	1020	18	0	0	5	1200	6	0	8
朱雀・皓天宝扇	65535	0	0	0	8	950	18	0	0	5	2400	6	0	8
玄武・皓天战刃	65535	0	0	0	8	880	18	0	0	5	0	6	0	8
玄武・皓天权杖	65535	0	0	0	8	1020	18	0	0	5	1200	6	0	8
玄武・皓天宝扇	65535	0	0	0	8	950	18	0	0	5	2400	6	0	8
白虎・皓天战刃	65535	0	0	0	8	880	18	0	0	5	0	6	0	8
白虎・皓天权杖	65535	0	0	0	8	1020	18	0	0	5	1200	6	0	8
白虎・皓天宝扇	65535	0	0	0	8	950	18	0	0	5	2400	6	0	8
青龙・皓天战刃	65535	0	0	0	8	880	18	0	0	5	0	6	0	8
青龙・皓天权杖	65535	0	0	0	8	1020	18	0	0	5	1200	6	0	8
青龙・皓天宝扇	65535	0	0	0	8	950	18	0	0	5	2400	6	0	8
飞燕・神龙战刃	0	0	0	0	8	3820	18	0	0	8	14400	3	0	8
飞燕・神龙权杖	0	0	0	0	8	3860	18	0	0	8	16800	3	0	8
飞燕・神龙宝扇	0	0	0	0	8	3840	18	0	0	8	15600	3	0	8
仙鹤・神龙战刃	0	0	0	0	8	3820	18	0	0	8	14400	3	0	8
仙鹤・神龙权杖	0	0	0	0	8	3860	18	0	0	8	16800	3	0	8
仙鹤・神龙宝扇	0	0	0	0	8	3840	18	0	0	8	15600	3	0	8
神雕・神龙战刃	0	0	0	0	8	3820	18	0	0	8	14400	3	0	8
神雕・神龙权杖	0	0	0	0	8	3860	18	0	0	8	16800	3	0	8
神雕・神龙宝扇	0	0	0	0	8	3840	18	0	0	8	15600	3	0	8
朱雀・神龙战刃	0	0	0	0	8	3820	18	0	0	8	14400	3	0	8
朱雀・神龙权杖	0	0	0	0	8	3860	18	0	0	8	16800	3	0	8
朱雀・神龙宝扇	0	0	0	0	8	3840	18	0	0	8	15600	3	0	8
玄武・神龙战刃	0	0	0	0	8	3820	18	0	0	8	14400	3	0	8
玄武・神龙权杖	0	0	0	0	8	3860	18	0	0	8	16800	3	0	8
玄武・神龙宝扇	0	0	0	0	8	3840	18	0	0	8	15600	3	0	8
白虎・神龙战刃	0	0	0	0	8	3820	18	0	0	8	14400	3	0	8
白虎・神龙权杖	0	0	0	0	8	3860	18	0	0	8	16800	3	0	8
白虎・神龙宝扇	0	0	0	0	8	3840	18	0	0	8	15600	3	0	8
青龙・神龙战刃	0	0	0	0	8	3820	18	0	0	8	14400	3	0	8
青龙・神龙权杖	0	0	0	0	8	3860	18	0	0	8	16800	3	0	8
青龙・神龙宝扇	0	0	0	0	8	3840	18	0	0	8	15600	3	0	8
飞燕・灵蛇战刃	0	0	0	0	0	1350	12	0	0	5	0	7	0	4
飞燕・灵蛇权杖	0	0	0	0	0	1430	10	0	0	5	1200	7	0	4
飞燕・灵蛇宝扇	0	0	0	0	0	1390	12	0	0	5	2400	7	0	4
仙鹤・灵蛇战刃	0	0	0	0	0	1350	12	0	0	5	0	7	0	4
仙鹤・灵蛇权杖	0	0	0	0	0	1430	10	0	0	5	1200	7	0	4
仙鹤・灵蛇宝扇	0	0	0	0	0	1390	12	0	0	5	2400	7	0	4
神雕・灵蛇战刃	0	0	0	0	0	1350	12	0	0	5	0	7	0	4
神雕・灵蛇权杖	0	0	0	0	0	1430	10	0	0	5	1200	7	0	4
神雕・灵蛇宝扇	0	0	0	0	0	1390	12	0	0	5	2400	7	0	4
朱雀・灵蛇战刃	0	0	0	0	0	1350	12	0	0	5	0	7	0	4
朱雀・灵蛇权杖	0	0	0	0	0	1430	10	0	0	5	1200	7	0	4
朱雀・灵蛇宝扇	0	0	0	0	0	1390	12	0	0	5	2400	7	0	4
玄武・灵蛇战刃	0	0	0	0	0	1350	12	0	0	5	0	7	0	4
玄武・灵蛇权杖	0	0	0	0	0	1430	10	0	0	5	1200	7	0	4
玄武・灵蛇宝扇	0	0	0	0	0	1390	12	0	0	5	2400	7	0	4
白虎・灵蛇战刃	0	0	0	0	0	1350	12	0	0	5	0	7	0	4
白虎・灵蛇权杖	0	0	0	0	0	1430	10	0	0	5	1200	7	0	4
白虎・灵蛇宝扇	0	0	0	0	0	1390	12	0	0	5	2400	7	0	4
青龙・灵蛇战刃	0	0	0	0	0	1350	12	0	0	5	0	7	0	4
青龙・灵蛇权杖	0	0	0	0	0	1430	10	0	0	5	1200	7	0	4
青龙・灵蛇宝扇	0	0	0	0	0	1390	12	0	0	5	2400	7	0	4
飞燕・神蛇战刃	0	0	0	0	0	1370	12	0	0	5	3600	7	0	4
飞燕・神蛇权杖	0	0	0	0	0	1450	10	80	55	5	4800	7	0	4
飞燕・神蛇宝扇	0	0	0	0	0	1410	12	0	0	5	6000	7	0	4
仙鹤・神蛇战刃	0	0	0	0	0	1370	12	0	0	5	3600	7	0	4
仙鹤・神蛇权杖	0	0	0	0	0	1450	10	80	55	5	4800	7	0	4
仙鹤・神蛇宝扇	0	0	0	0	0	1410	12	0	0	5	6000	7	0	4
神雕・神蛇战刃	0	0	0	0	0	1370	12	0	0	5	3600	7	0	4
神雕・神蛇权杖	0	0	0	0	0	1450	10	80	55	5	4800	7	0	4
神雕・神蛇宝扇	0	0	0	0	0	1410	12	0	0	5	6000	7	0	4
朱雀・神蛇战刃	0	0	0	0	0	1370	12	0	0	5	3600	7	0	4
朱雀・神蛇权杖	0	0	0	0	0	1450	10	80	55	5	4800	7	0	4
朱雀・神蛇宝扇	0	0	0	0	0	1410	12	0	0	5	6000	7	0	4
玄武・神蛇战刃	0	0	0	0	0	1370	12	0	0	5	3600	7	0	4
玄武・神蛇权杖	0	0	0	0	0	1450	10	80	55	5	4800	7	0	4
玄武・神蛇宝扇	0	0	0	0	0	1410	12	0	0	5	6000	7	0	4
白虎・神蛇战刃	0	0	0	0	0	1370	12	0	0	5	3600	7	0	4
白虎・神蛇权杖	0	0	0	0	0	1450	10	80	55	5	4800	7	0	4
白虎・神蛇宝扇	0	0	0	0	0	1410	12	0	0	5	6000	7	0	4
青龙・神蛇战刃	0	0	0	0	0	1370	12	0	0	5	3600	7	0	4
青龙・神蛇权杖	0	0	0	0	0	1450	10	80	55	5	4800	7	0	4
青龙・神蛇宝扇	0	0	0	0	0	1410	12	0	0	5	6000	7	0	4
飞燕・皓尊战刃	65535	0	0	0	8	920	18	0	0	5	7200	6	0	4
飞燕・皓尊权杖	65535	0	0	0	8	1060	18	0	0	5	8400	6	0	4
飞燕・皓尊宝扇	65535	0	0	0	8	990	18	0	0	5	9600	6	0	4
仙鹤・皓尊战刃	65535	0	0	0	8	920	18	0	0	5	7200	6	0	4
仙鹤・皓尊权杖	65535	0	0	0	8	1060	18	0	0	5	8400	6	0	4
仙鹤・皓尊宝扇	65535	0	0	0	8	990	18	0	0	5	9600	6	0	4
神雕・皓尊战刃	65535	0	0	0	8	920	18	0	0	5	7200	6	0	4
神雕・皓尊权杖	65535	0	0	0	8	1060	18	0	0	5	8400	6	0	4
神雕・皓尊宝扇	65535	0	0	0	8	990	18	0	0	5	9600	6	0	4
朱雀・皓尊战刃	65535	0	0	0	8	920	18	0	0	5	7200	6	0	4
朱雀・皓尊权杖	65535	0	0	0	8	1060	18	0	0	5	8400	6	0	4
朱雀・皓尊宝扇	65535	0	0	0	8	990	18	0	0	5	9600	6	0	4
玄武・皓尊战刃	65535	0	0	0	8	920	18	0	0	5	7200	6	0	4
玄武・皓尊权杖	65535	0	0	0	8	1060	18	0	0	5	8400	6	0	4
玄武・皓尊宝扇	65535	0	0	0	8	990	18	0	0	5	9600	6	0	4
白虎・皓尊战刃	65535	0	0	0	8	920	18	0	0	5	7200	6	0	4
白虎・皓尊权杖	65535	0	0	0	8	1060	18	0	0	5	8400	6	0	4
白虎・皓尊宝扇	65535	0	0	0	8	990	18	0	0	5	9600	6	0	4
青龙・皓尊战刃	65535	0	0	0	8	920	18	0	0	5	7200	6	0	4
青龙・皓尊权杖	65535	0	0	0	8	1060	18	0	0	5	8400	6	0	4
青龙・皓尊宝扇	65535	0	0	0	8	990	18	0	0	5	9600	6	0	4
飞燕・热血战刃	0	0	0	0	8	3500	14	0	0	8	3600	3	0	8
飞燕・热血权杖	2540	1	0	0	5	3520	14	0	0	8	4800	3	0	8
飞燕・热血宝扇	2540	1	0	0	5	3480	14	0	0	8	6000	3	0	8
仙鹤・热血战刃	0	0	0	0	8	3500	14	0	0	8	3600	3	0	8
仙鹤・热血权杖	2540	1	0	0	5	3520	14	0	0	8	4800	3	0	8
仙鹤・热血宝扇	2540	1	0	0	5	3480	14	0	0	8	6000	3	0	8
神雕・热血战刃	0	0	0	0	8	3500	14	0	0	8	3600	3	0	8
神雕・热血权杖	2540	1	0	0	5	3520	14	0	0	8	4800	3	0	8
神雕・热血宝扇	2540	1	0	0	5	3480	14	0	0	8	6000	3	0	8
朱雀・热血战刃	0	0	0	0	8	3500	14	0	0	8	3600	3	0	8
朱雀・热血权杖	2540	1	0	0	5	3520	14	0	0	8	4800	3	0	8
朱雀・热血宝扇	2540	1	0	0	5	3480	14	0	0	8	6000	3	0	8
玄武・热血战刃	0	0	0	0	8	3500	14	0	0	8	3600	3	0	8
玄武・热血权杖	2540	1	0	0	5	3520	14	0	0	8	4800	3	0	8
玄武・热血宝扇	2540	1	0	0	5	3480	14	0	0	8	6000	3	0	8
白虎・热血战刃	0	0	0	0	8	3500	14	0	0	8	3600	3	0	8
白虎・热血权杖	2540	1	0	0	5	3520	14	0	0	8	4800	3	0	8
白虎・热血宝扇	2540	1	0	0	5	3480	14	0	0	8	6000	3	0	8
青龙・热血战刃	0	0	0	0	8	3500	14	0	0	8	3600	3	0	8
青龙・热血权杖	2540	1	0	0	5	3520	14	0	0	8	4800	3	0	8
青龙・热血宝扇	2540	1	0	0	5	3480	14	0	0	8	6000	3	0	8
飞燕・真龙战刃	0	0	0	0	8	1090	10	0	0	5	21600	6	0	8
飞燕・真龙权杖	0	0	0	0	8	1170	10	0	0	5	22800	6	0	8
飞燕・真龙宝扇	0	0	0	0	8	1120	10	0	0	5	24000	6	0	8
仙鹤・真龙战刃	0	0	0	0	8	1090	10	0	0	5	21600	6	0	8
仙鹤・真龙权杖	0	0	0	0	8	1170	10	0	0	5	22800	6	0	8
仙鹤・真龙宝扇	0	0	0	0	8	1120	10	0	0	5	24000	6	0	8
神雕・真龙战刃	0	0	0	0	8	1090	10	0	0	5	21600	6	0	8
神雕・真龙权杖	0	0	0	0	8	1170	10	0	0	5	22800	6	0	8
神雕・真龙宝扇	0	0	0	0	8	1120	10	0	0	5	24000	6	0	8
朱雀・真龙战刃	0	0	0	0	8	1090	10	0	0	5	21600	6	0	8
朱雀・真龙权杖	0	0	0	0	8	1170	10	0	0	5	22800	6	0	8
朱雀・真龙宝扇	0	0	0	0	8	1120	10	0	0	5	24000	6	0	8
玄武・真龙战刃	0	0	0	0	8	1090	10	0	0	5	21600	6	0	8
玄武・真龙权杖	0	0	0	0	8	1170	10	0	0	5	22800	6	0	8
玄武・真龙宝扇	0	0	0	0	8	1120	10	0	0	5	24000	6	0	8
白虎・真龙战刃	0	0	0	0	8	1090	10	0	0	5	21600	6	0	8
白虎・真龙权杖	0	0	0	0	8	1170	10	0	0	5	22800	6	0	8
白虎・真龙宝扇	0	0	0	0	8	1120	10	0	0	5	24000	6	0	8
青龙・真龙战刃	0	0	0	0	8	1090	10	0	0	5	21600	6	0	8
青龙・真龙权杖	0	0	0	0	8	1170	10	0	0	5	22800	6	0	8
青龙・真龙宝扇	0	0	0	0	8	1120	10	0	0	5	24000	6	0	8
飞燕・天成战刃	65535	0	0	0	0	1100	10	0	0	5	25200	6	0	8
飞燕・天成权杖	65535	0	0	0	0	1180	10	0	0	5	26400	6	0	8
飞燕・天成宝扇	65535	0	0	0	0	1140	11	0	0	5	27600	6	0	8
仙鹤・天成战刃	65535	0	0	0	0	1100	10	0	0	5	25200	6	0	8
仙鹤・天成权杖	65535	0	0	0	0	1180	10	0	0	5	26400	6	0	8
仙鹤・天成宝扇	65535	0	0	0	0	1140	11	0	0	5	27600	6	0	8
神雕・天成战刃	65535	0	0	0	0	1100	10	0	0	5	25200	6	0	8
神雕・天成权杖	65535	0	0	0	0	1180	10	0	0	5	26400	6	0	8
神雕・天成宝扇	65535	0	0	0	0	1140	11	0	0	5	27600	6	0	8
朱雀・天成战刃	65535	0	0	0	0	1100	10	0	0	5	25200	6	0	8
朱雀・天成权杖	65535	0	0	0	0	1180	10	0	0	5	26400	6	0	8
朱雀・天成宝扇	65535	0	0	0	0	1140	11	0	0	5	27600	6	0	8
玄武・天成战刃	65535	0	0	0	0	1100	10	0	0	5	25200	6	0	8
玄武・天成权杖	65535	0	0	0	0	1180	10	0	0	5	26400	6	0	8
玄武・天成宝扇	65535	0	0	0	0	1140	11	0	0	5	27600	6	0	8
白虎・天成战刃	65535	0	0	0	0	1100	10	0	0	5	25200	6	0	8
白虎・天成权杖	65535	0	0	0	0	1180	10	0	0	5	26400	6	0	8
白虎・天成宝扇	65535	0	0	0	0	1140	11	0	0	5	27600	6	0	8
青龙・天成战刃	65535	0	0	0	0	1100	10	0	0	5	25200	6	0	8
青龙・天成权杖	65535	0	0	0	0	1100	10	0	0	5	25200	6	0	8
青龙・天成宝扇	65535	0	0	0	0	1140	11	0	0	5	27600	6	0	8
飞燕・皓宇宝扇	65535	0	0	0	8	970	18	0	0	5	6000	6	0	4
飞燕・皓宇权杖	65535	0	0	0	8	1040	18	0	0	5	4800	6	0	8
飞燕・皓宇战刃	65535	0	0	0	8	900	18	0	0	5	3600	6	0	8
仙鹤・皓宇宝扇	65535	0	0	0	8	970	18	0	0	5	6000	6	0	4
仙鹤・皓宇权杖	65535	0	0	0	8	1040	18	0	0	5	4800	6	0	8
仙鹤・皓宇战刃	65535	0	0	0	8	900	18	0	0	5	3600	6	0	8
神雕・皓宇宝扇	65535	0	0	0	8	970	18	0	0	5	6000	6	0	4
神雕・皓宇权杖	65535	0	0	0	8	1040	18	0	0	5	4800	6	0	8
神雕・皓宇战刃	65535	0	0	0	8	900	18	0	0	5	3600	6	0	8
朱雀・皓宇宝扇	65535	0	0	0	8	970	18	0	0	5	6000	6	0	4
朱雀・皓宇权杖	65535	0	0	0	8	1040	18	0	0	5	4800	6	0	8
朱雀・皓宇战刃	65535	0	0	0	8	900	18	0	0	5	3600	6	0	8
玄武・皓宇宝扇	65535	0	0	0	8	970	18	0	0	5	6000	6	0	4
玄武・皓宇权杖	65535	0	0	0	8	1040	18	0	0	5	4800	6	0	8
玄武・皓宇战刃	65535	0	0	0	8	900	18	0	0	5	3600	6	0	8
白虎・皓宇宝扇	65535	0	0	0	8	970	18	0	0	5	6000	6	0	4
白虎・皓宇权杖	65535	0	0	0	8	1040	18	0	0	5	4800	6	0	8
白虎・皓宇战刃	65535	0	0	0	8	900	18	0	0	5	3600	6	0	8
青龙・皓宇宝扇	65535	0	0	0	8	970	18	0	0	5	6000	6	0	4
青龙・皓宇权杖	65535	0	0	0	8	1040	18	0	0	5	4800	6	0	8
青龙・皓宇战刃	65535	0	0	0	8	900	18	0	0	5	3600	6	0	8
狂化热血战刃	0	0	0	0	8	3500	14	0	0	8	3600	3	0	8
神铸热血权杖	2540	1	0	0	5	3520	14	0	0	8	4800	3	0	8
轮回热血宝扇	2540	1	0	0	5	3480	14	0	0	8	6000	3	0	8
热血重生甲(男)	0	0	0	0	8	0	0	0	0	8	0	3	0	8
热血重生甲(女)	0	0	0	0	8	0	0	0	0	8	0	3	0	8
热血重生衣(男)	2540	1	0	0	5	3366	1	0	0	8	1200	3	0	8
热血重生衣(女)	2540	1	0	0	5	3365	1	0	0	8	1200	3	0	8
热血重生袍(男)	2540	1	0	0	5	3368	1	0	0	8	2400	3	0	8
热血重生袍(女)	2540	1	0	0	5	3367	1	0	0	8	2400	3	0	8
热血战刃	0	0	0	0	8	3500	14	0	0	8	3600	3	0	8
热血权杖	65535	1	0	0	5	3520	14	0	0	8	4800	3	0	8
热血宝扇	65535	1	0	0	5	3480	14	0	0	8	6000	3	0	8
热血战甲(男)	0	0	0	0	8	0	0	0	0	8	0	3	0	8
热血战甲(女)	0	0	0	0	8	0	0	0	0	8	0	3	0	8
热血道袍(女)	65535	1	0	0	5	3367	1	0	0	8	2400	3	0	8
热血道袍(男)	65535	1	0	0	5	3368	1	0	0	8	2400	3	0	8
热血魔衣(女)	65535	1	0	0	5	3365	1	0	0	8	1200	3	0	8
热血魔衣(男)	65535	1	0	0	5	3366	1	0	0	8	1200	3	0	8
热血斗笠	65535	1	0	0	5	3356	14	0	0	8	65535	3	0	8
神龙战刃	0	0	0	0	8	3820	18	0	0	8	14400	3	0	8
神龙权杖	0	0	0	0	8	3860	18	0	0	8	16800	3	0	8
神龙宝扇	0	0	0	0	8	3840	18	0	0	8	15600	3	0	8
神龙战甲(男)	0	0	0	0	8	3800	8	0	0	8	13200	3	0	8
神龙战甲(女)	0	0	0	0	8	3800	8	0	0	8	13800	3	0	8
神龙魔衣(男)	0	0	0	0	8	3800	8	0	0	8	13200	3	0	8
神龙魔衣(女)	0	0	0	0	8	3800	8	0	0	8	13800	3	0	8
神龙道袍(男)	0	0	0	0	8	3800	8	0	0	8	13200	3	0	8
神龙道袍(女)	0	0	0	0	8	3800	8	0	0	8	13800	3	0	8
巅峰战勋	0	0	0	0	8	3910	10	0	0	8	0	0	0	8
巅峰法勋	0	0	0	0	8	3910	10	0	0	8	0	0	0	8
巅峰道勋	0	0	0	0	8	3910	10	0	0	8	0	0	0	8
复活戒指　	752	0	0	0	1	752	1	-12	-13	2	65535	0	0	8
龙陨之戒　	754	0	0	0	1	754	1	-12	-13	2	65535	0	0	8
至尊乾坤戒指　	754	0	0	0	1	754	1	-12	-13	2	65535	0	0	8
天之复生戒指　	752	0	0	0	1	752	1	-12	-13	2	65535	0	0	8
地之复生戒指　	754	0	0	0	1	754	1	-12	-13	2	65535	0	0	8
人之复生戒指　	754	0	0	0	1	754	1	-12	-13	2	65535	0	0	8
降龙神戒　	754	0	0	0	1	754	1	-12	-13	2	65535	0	0	8
重生戒指　	756	0	0	0	1	756	1	-12	-13	2	65535	0	0	8
邪眼麻痹神戒　	756	0	0	0	1	756	1	-12	-13	2	65535	0	0	8
邪眼麻痹戒指　	756	0	0	0	1	756	1	-12	-13	2	65535	0	0	8
至尊麻痹神戒　	756	0	0	0	1	756	1	-12	-13	2	65535	0	0	8
魔道八卦神戒　	756	0	0	0	1	756	1	-12	-13	2	65535	0	0	8
魔道聚魔神戒　	756	0	0	0	1	756	1	-12	-13	2	65535	0	0	8
复活护腕　	752	0	0	0	1	752	1	-12	-13	2	65535	0	0	8
重生护腕　	756	0	0	0	1	756	1	-12	-13	2	65535	0	0	8
至尊麻痹护腕　	756	0	0	0	1	756	1	-12	-13	2	65535	0	0	8
魔道八卦护腕　	756	0	0	0	1	756	1	-12	-13	2	65535	0	0	8
魔道聚魔护腕　	756	0	0	0	1	756	1	-12	-13	2	65535	0	0	8
八卦护身护腕　	756	0	0	0	1	756	1	-12	-13	2	65535	0	0	8
神龙项链(战)　	756	0	0	0	1	756	1	-12	-13	2	65535	0	0	8
神龙项链(法)　	756	0	0	0	1	756	1	-12	-13	2	65535	0	0	8
神龙项链(道)　	756	0	0	0	1	756	1	-12	-13	2	65535	0	0	8
神龙护腕(战)　	756	0	0	0	1	756	1	-12	-13	2	65535	0	0	8
神龙护腕(法)　	756	0	0	0	1	756	1	-12	-13	2	65535	0	0	8
神龙护腕(道)　	756	0	0	0	1	756	1	-12	-13	2	65535	0	0	8
神龙腰带(战)　	756	0	0	0	1	756	1	-12	-13	2	65535	0	0	8
神龙腰带(法)　	756	0	0	0	1	756	1	-12	-13	2	65535	0	0	8
神龙腰带(道)　	756	0	0	0	1	756	1	-12	-13	2	65535	0	0	8
神龙战勋　	756	0	0	0	1	756	1	-12	-13	2	65535	0	0	8
神龙法勋　	756	0	0	0	1	756	1	-12	-13	2	65535	0	0	8
神龙道勋　	756	0	0	0	1	756	1	-12	-13	2	65535	0	0	8
神龙战戒　	756	0	0	0	1	756	1	-12	-13	2	65535	0	0	8
神龙魔戒　	756	0	0	0	1	756	1	-12	-13	2	65535	0	0	8
神龙道戒　	756	0	0	0	1	756	1	-12	-13	2	65535	0	0	8
神龙战靴　	756	0	0	0	1	756	1	-12	-13	2	65535	0	0	8
神龙魔靴　	756	0	0	0	1	756	1	-12	-13	2	65535	0	0	8
神龙道靴　	756	0	0	0	1	756	1	-12	-13	2	65535	0	0	8
热血项链(战)　	752	0	0	0	1	752	1	-12	-13	2	65535	0	0	8
热血项链(法)　	752	0	0	0	1	752	1	-12	-13	2	65535	0	0	8
热血项链(道)　	752	0	0	0	1	752	1	-12	-13	2	65535	0	0	8
热血护腕(战)　	752	0	0	0	1	752	1	-12	-13	2	65535	0	0	8
热血护腕(法)　	752	0	0	0	1	752	1	-12	-13	2	65535	0	0	8
热血护腕(道)　	752	0	0	0	1	752	1	-12	-13	2	65535	0	0	8
热血腰带(战)　	752	0	0	0	1	752	1	-12	-13	2	65535	0	0	8
热血腰带(法)　	752	0	0	0	1	752	1	-12	-13	2	65535	0	0	8
热血腰带(道)　	752	0	0	0	1	752	1	-12	-13	2	65535	0	0	8
热血战勋　	752	0	0	0	1	752	1	-12	-13	2	65535	0	0	8
热血法勋　	752	0	0	0	1	752	1	-12	-13	2	65535	0	0	8
热血道勋　	752	0	0	0	1	752	1	-12	-13	2	65535	0	0	8
热血战戒　	752	0	0	0	1	752	1	-12	-13	2	65535	0	0	8
热血魔戒　	752	0	0	0	1	752	1	-12	-13	2	65535	0	0	8
热血道戒　	752	0	0	0	1	752	1	-12	-13	2	65535	0	0	8
热血战靴　	752	0	0	0	1	752	1	-12	-13	2	65535	0	0	8
热血魔靴　	752	0	0	0	1	752	1	-12	-13	2	65535	0	0	8
热血道靴　	752	0	0	0	1	752	1	-12	-13	2	65535	0	0	8
乾坤腰带　	752	0	0	0	1	752	1	-12	-13	2	65535	0	0	8
白曰门乾坤腰带	752	0	0	0	1	752	1	-12	-13	2	65535	0	0	8
七级军鼓(战)　	754	0	0	0	1	754	1	-12	-13	2	65535	0	0	8
七级军鼓(法)　	754	0	0	0	1	754	1	-12	-13	2	65535	0	0	8
七级军鼓(道)　	754	0	0	0	1	754	1	-12	-13	2	65535	0	0	8
八级军鼓(战)　	752	0	0	0	1	752	1	-12	-13	2	65535	0	0	8
八级军鼓(法)　	752	0	0	0	1	752	1	-12	-13	2	65535	0	0	8
八级军鼓(道)　	752	0	0	0	1	752	1	-12	-13	2	65535	0	0	8
至尊传奇印(战)	0	0	0	0	0	0	1	-12	-13	2	65535	5	0	8
至尊传奇印(道)	0	0	0	0	0	0	1	-12	-13	2	65535	5	0	8
至尊传奇印(法)	0	0	0	0	0	0	1	-12	-13	2	65535	5	0	8
神蛇战刃	0	0	0	0	0	1370	12	0	0	5	3600	7	0	4
神蛇权杖	0	0	0	0	0	1450	10	80	55	5	4800	7	0	4
神蛇宝扇	0	0	0	0	0	1410	12	0	0	5	6000	7	0	4
灵蛇战刃	0	0	0	0	0	1350	12	0	0	5	0	7	0	4
灵蛇权杖	0	0	0	0	0	1430	10	0	0	5	1200	7	0	4
灵蛇宝扇	0	0	0	0	0	1390	12	0	0	5	2400	7	0	4
神蛇战甲(男)	0	0	0	0	0	1330	12	0	0	5	2400	5	0	4
神蛇战甲(女)	0	0	0	0	0	1330	12	0	0	5	2400	5	0	4
神蛇魔衣(男)	0	0	0	0	0	1330	12	0	0	5	2400	5	0	4
神蛇魔衣(女)	0	0	0	0	0	1330	12	0	0	5	2400	5	0	4
神蛇道袍(男)	0	0	0	0	0	1330	12	0	0	5	2400	5	0	4
神蛇道袍(女)	0	0	0	0	0	1330	12	0	0	5	2400	5	0	4
灵蛇战甲(男)	0	0	0	0	0	1330	12	0	0	5	1200	5	0	4
灵蛇战甲(女)	0	0	0	0	0	1330	12	0	0	5	1200	5	0	4
灵蛇魔衣(男)	0	0	0	0	0	1330	12	0	0	5	1200	5	0	4
灵蛇魔衣(女)	0	0	0	0	0	1330	12	0	0	5	1200	5	0	4
灵蛇道袍(男)	0	0	0	0	0	1330	12	0	0	5	1200	5	0	4
灵蛇道袍(女)	0	0	0	0	0	1330	12	0	0	5	1200	5	0	4
龙腾天下(男)	0	0	0	0	0	1460	18	0	0	5	3600	5	0	4
龙腾天下(女)	0	0	0	0	0	1460	18	0	0	5	3600	5	0	4
神圣天龙(男)	0	0	0	0	0	3968	18	0	0	8	65535	0	0	8
神圣天龙(女)	0	0	0	0	0	3968	18	0	0	8	65535	0	0	8
九天彩凤(男)	0	0	0	0	0	3950	18	0	0	8	65535	0	0	8
九天彩凤(女)	0	0	0	0	0	3950	18	0	0	8	65535	0	0	8
银装素裹(人)	65535	0	0	0	0	65535	0	0	0	0	2400	1	0	8
银装素裹(地)	65535	0	0	0	0	65535	0	0	0	0	2400	1	0	8
粉妆玉砌(人)	65535	0	0	0	0	65535	0	0	0	0	3000	1	0	8
粉妆玉砌(地)	65535	0	0	0	0	65535	0	0	0	0	3000	1	0	8
传奇神剑	65535	1	0	0	5	2530	8	0	0	8	8400	1	0	4
传奇宝扇	65535	1	0	0	5	2550	10	0	0	8	9600	1	0	4
传奇魔杖	65535	1	0	0	5	2560	10	0	0	8	10800	1	0	4
传奇神甲(男)	65535	0	0	0	1	2541	1	0	0	8	7200	1	0	8
传奇神甲(女)	65535	0	0	0	1	2543	1	0	0	8	7800	1	0	8
主宰神剑	65535	0	0	0	1	2427	1	0	0	8	6000	1	0	4
主宰神甲(男)	65535	0	0	0	1	2425	1	0	0	8	4800	1	0	4
主宰神甲(女)	65535	0	0	0	1	2426	1	0	0	8	5400	1	0	4
人之巅峰勋章	0	0	0	0	8	3910	10	0	0	8	65535	0	0	8
地之巅峰勋章	0	0	0	0	8	3910	10	0	0	8	65535	0	0	8
天之巅峰勋章	0	0	0	0	8	3910	10	0	0	8	65535	0	0	8
天成项链(战)	1800	20	-33	-35	3	1800	20	-31	-36	3	65535	0	0	8
天成战勋	1800	20	-33	-35	3	1800	20	-31	-36	3	65535	0	0	8
天成护腕(战)	1800	20	-33	-35	3	1800	20	-31	-36	3	65535	0	0	8
天成战戒	1800	20	-33	-35	3	1800	20	-31	-36	3	65535	0	0	8
天成腰带(战)	1800	20	-33	-35	3	1800	20	-31	-36	3	65535	0	0	8
天成战靴	1800	20	-33	-35	3	1800	20	-31	-36	3	65535	0	0	8
天成战盔	1800	20	-33	-35	3	1800	20	43	-45	3	65535	0	0	8
天成项链(法)	1800	20	-33	-35	3	1800	20	-31	-36	3	65535	0	0	8
天成法勋	1800	20	-33	-35	3	1800	20	-31	-36	3	65535	0	0	8
天成护腕(法)	1800	20	-33	-35	3	1800	20	-31	-36	3	65535	0	0	8
天成魔戒	1800	20	-33	-35	3	1800	20	-31	-36	3	65535	0	0	8
天成腰带(法)	1800	20	-33	-35	3	1800	20	-31	-36	3	65535	0	0	8
天成魔靴	1800	20	-33	-35	3	1800	20	-31	-36	3	65535	0	0	8
天成法冠	1800	20	-33	-35	3	1800	20	43	-45	3	65535	0	0	8
天成项链(道)	1800	20	-33	-35	3	1800	20	-31	-36	3	65535	0	0	8
天成道勋	1800	20	-33	-35	3	1800	20	-31	-36	3	65535	0	0	8
天成护腕(道)	1800	20	-33	-35	3	1800	20	-31	-36	3	65535	0	0	8
天成道戒	1800	20	-33	-35	3	1800	20	-31	-36	3	65535	0	0	8
天成腰带(道)	1800	20	-33	-35	3	1800	20	-31	-36	3	65535	0	0	8
天成道靴	1800	20	-33	-35	3	1800	20	-31	-36	3	65535	0	0	8
天成道盔	1800	20	-33	-35	3	1800	20	43	-45	3	65535	0	0	8
天成权杖	65535	0	0	0	0	1180	10	0	0	5	26400	6	0	8
天成宝扇	65535	0	0	0	0	1140	11	0	0	5	27600	6	0	8
天成战刃	65535	0	0	0	0	1100	10	0	0	5	25200	6	0	8
天成战甲(男)	0	0	0	0	8	1290	8	0	0	5	7200	4	0	4
天成战甲(女)	0	0	0	0	8	1290	8	0	0	5	7200	4	0	4
天成魔衣(男)	0	0	0	0	8	1290	8	0	0	5	7200	4	0	4
天成魔衣(女)	0	0	0	0	8	1290	8	0	0	5	7200	4	0	4
天成道袍(男)	0	0	0	0	8	1290	8	0	0	5	7200	4	0	4
天成道袍(女)	0	0	0	0	8	1290	8	0	0	5	7200	4	0	4
皓天战甲(男)	65535	0	0	0	8	1200	10	0	0	5	0	4	0	4
皓天魔衣(男)	65535	0	0	0	8	1200	10	0	0	5	0	4	0	4
皓天道袍(男)	65535	0	0	0	8	1200	10	0	0	5	0	4	0	4
皓天魔衣(女)	65535	0	0	0	8	1210	10	0	0	5	0	4	0	4
皓天战甲(女)	65535	0	0	0	8	1210	10	0	0	5	0	4	0	4
皓天道袍(女)	65535	0	0	0	8	1210	10	0	0	5	0	4	0	4
皓天宝扇	65535	0	0	0	8	950	18	0	0	5	2400	6	0	8
皓天权杖	65535	0	0	0	8	1020	18	0	0	5	1200	6	0	8
皓天战刃	65535	0	0	0	8	880	18	0	0	5	0	6	0	8
皓天战戒	640	26	16	16	5	640	26	16	16	5	65535	1	0	8
皓天护腕(战)	640	26	16	16	5	640	26	16	16	5	65535	1	0	8
皓天项链(战)	640	26	16	16	5	640	26	16	16	5	65535	1	0	8
皓天腰带(战)	640	26	16	16	5	640	26	16	16	5	65535	1	0	8
皓天战靴	640	26	16	16	5	640	26	16	16	5	65535	1	0	8
皓天战勋	640	26	16	16	5	640	26	16	16	5	65535	1	0	8
皓天战盔	640	26	16	16	5	640	26	93	5	5	65535	1	0	8
皓天道戒	640	26	16	16	5	640	26	16	16	5	65535	1	0	8
皓天护腕(道)	640	26	16	16	5	640	26	16	16	5	65535	1	0	8
皓天项链(道)	640	26	16	16	5	640	26	16	16	5	65535	1	0	8
皓天腰带(道)	640	26	16	16	5	640	26	16	16	5	65535	1	0	8
皓天道靴	640	26	16	16	5	640	26	16	16	5	65535	1	0	8
皓天道勋	640	26	16	16	5	640	26	16	16	5	65535	1	0	8
皓天道盔	640	26	16	16	5	640	26	93	5	5	65535	1	0	8
皓天魔戒	640	26	16	16	5	640	26	16	16	5	65535	1	0	8
皓天护腕(法)	640	26	16	16	5	640	26	16	16	5	65535	1	0	8
皓天项链(法)	640	26	16	16	5	640	26	16	16	5	65535	1	0	8
皓天腰带(法)	640	26	16	16	5	640	26	16	16	5	65535	1	0	8
皓天魔靴	640	26	16	16	5	640	26	16	16	5	65535	1	0	8
皓天法勋	640	26	16	16	5	640	26	16	16	5	65535	1	0	8
皓天法冠	640	26	16	16	5	640	26	93	5	5	65535	1	0	8
皓宇道戒	680	26	16	16	5	680	26	16	16	5	65535	1	0	8
皓宇护腕(道)	680	26	16	16	5	680	26	16	16	5	65535	1	0	8
皓宇道盔	680	26	16	16	5	680	26	93	5	5	65535	1	0	8
皓宇项链(道)	680	26	16	16	5	680	26	16	16	5	65535	1	0	8
皓宇腰带(道)	680	26	16	16	5	680	26	16	16	5	65535	1	0	8
皓宇道靴	680	26	16	16	5	680	26	16	16	5	65535	1	0	8
皓宇道勋	680	26	16	16	5	680	26	16	16	5	65535	1	0	8
皓宇魔戒	680	26	16	16	5	680	26	16	16	5	65535	1	0	8
皓宇护腕(法)	680	26	16	16	5	680	26	16	16	5	65535	1	0	8
皓宇法冠	680	26	16	16	5	680	26	93	5	5	65535	1	0	8
皓宇项链(法)	680	26	16	16	5	680	26	16	16	5	65535	1	0	8
皓宇腰带(法)	680	26	16	16	5	680	26	16	16	5	65535	1	0	8
皓宇魔靴	680	26	16	16	5	680	26	16	16	5	65535	1	0	8
皓宇法勋	680	26	16	16	5	680	26	16	16	5	65535	1	0	8
皓宇战戒	680	26	16	16	5	680	26	16	16	5	65535	1	0	8
皓宇护腕(战)	680	26	16	16	5	680	26	16	16	5	65535	1	0	8
皓宇战盔	680	26	16	16	5	680	26	93	5	5	65535	1	0	8
皓宇项链(战)	680	26	16	16	5	680	26	16	16	5	65535	1	0	8
皓宇腰带(战)	680	26	16	16	5	680	26	16	16	5	65535	1	0	8
皓宇战靴	680	26	16	16	5	680	26	16	16	5	65535	1	0	8
皓宇战勋	680	26	16	16	5	680	26	16	16	5	65535	1	0	8
皓宇战甲(男)	65535	0	0	0	8	1230	10	0	0	5	1200	4	0	4
皓宇魔衣(男)	65535	0	0	0	8	1230	10	0	0	5	1200	4	0	4
皓宇道袍(男)	65535	0	0	0	8	1230	10	0	0	5	1200	4	0	4
皓宇战甲(女)	65535	0	0	0	8	1240	10	0	0	5	1200	4	0	4
皓宇魔衣(女)	65535	0	0	0	8	1240	10	0	0	5	1200	4	0	4
皓宇道袍(女)	65535	0	0	0	8	1240	10	0	0	5	1200	4	0	4
皓宇权杖	65535	0	0	0	8	1040	18	0	0	5	4800	6	0	8
皓宇战刃	65535	0	0	0	8	900	18	0	0	5	3600	6	0	8
皓宇宝扇	65535	0	0	0	8	970	18	0	0	5	6000	6	0	4
皓月战刃	0	0	0	0	9	3630	18	0	0	8	8400	3	0	8
皓月权杖	0	0	0	0	9	3650	18	0	0	8	10800	3	0	8
皓月宝扇	0	0	0	0	9	3610	18	0	0	8	9600	3	0	8
皓月战甲(男)	0	0	0	0	8	3550	10	0	0	8	7200	3	0	8
皓月战甲(女)	0	0	0	0	8	3570	10	0	0	8	7800	3	0	8
皓月魔衣(男)	0	0	0	0	8	3550	10	0	0	8	7200	3	0	8
皓月魔衣(女)	0	0	0	0	8	3570	10	0	0	8	7800	3	0	8
皓月道袍(男)	0	0	0	0	8	3550	10	0	0	8	7200	3	0	8
皓月道袍(女)	0	0	0	0	8	3570	10	0	0	8	7800	3	0	8
皓月战靴	0	0	0	0	9	3580	26	-20	-25	8	0	1	0	8
皓月法靴	0	0	0	0	9	3580	26	-20	-25	8	0	1	0	8
皓月道靴	0	0	0	0	9	3580	26	-20	-25	8	0	1	0	8
皓月腰带(战)	0	0	0	0	9	3580	26	-22	-22	8	0	1	0	8
皓月腰带(法)	0	0	0	0	9	3580	26	-22	-22	8	0	1	0	8
皓月腰带(道)	0	0	0	0	9	3580	26	-22	-22	8	0	1	0	8
皓月战戒	0	0	0	0	9	3580	26	-30	-22	8	0	1	0	8
皓月魔戒	0	0	0	0	9	3580	26	-30	-22	8	0	1	0	8
皓月道戒	0	0	0	0	9	3580	26	-30	-22	8	0	1	0	8
皓月护腕(战)	0	0	0	0	9	3580	26	-25	-25	8	0	1	0	8
皓月护腕(法)	0	0	0	0	9	3580	26	-25	-25	8	0	1	0	8
皓月护腕(道)	0	0	0	0	9	3580	26	-25	-25	8	0	1	0	8
皓月战勋	0	0	0	0	9	3580	26	-28	-24	8	0	1	0	8
皓月法勋	0	0	0	0	9	3580	26	-28	-24	8	0	1	0	8
皓月道勋	0	0	0	0	9	3580	26	-28	-24	8	0	1	0	8
皓月战盔	0	0	0	0	9	3580	26	54	-32	8	0	1	0	8
皓月法冠	0	0	0	0	9	3580	26	54	-32	8	0	1	0	8
皓月道盔	0	0	0	0	9	3580	26	54	-32	8	0	1	0	8
皓月项链(战)	0	0	0	0	9	3580	26	-26	-18	8	0	1	0	8
皓月项链(法)	0	0	0	0	9	3580	26	-26	-18	8	0	1	0	8
皓月项链(道)	0	0	0	0	9	3580	26	-26	-18	8	0	1	0	8
皓尊战刃	65535	0	0	0	8	920	18	0	0	5	7200	6	0	4
皓尊权杖	65535	0	0	0	8	1060	18	0	0	5	8400	6	0	4
皓尊宝扇	65535	0	0	0	8	990	18	0	0	5	9600	6	0	4
皓尊战甲(男)	65535	0	0	0	8	1260	10	0	0	5	2400	4	0	4
皓尊战甲(女)	65535	0	0	0	8	1270	10	0	0	5	3000	4	0	4
皓尊魔衣(男)	65535	0	0	0	8	1260	10	0	0	5	2400	4	0	4
皓尊魔衣(女)	65535	0	0	0	8	1270	10	0	0	5	3000	4	0	4
皓尊道袍(男)	65535	0	0	0	8	1260	10	0	0	5	2400	4	0	4
皓尊道袍(女)	65535	0	0	0	8	1270	10	0	0	5	3000	4	0	4
皓尊战戒	720	26	16	16	5	720	26	16	16	5	65535	1	0	8
皓尊护腕(战)	720	26	16	16	5	720	26	16	16	5	65535	1	0	8
皓尊战盔	720	26	16	16	5	720	26	93	5	5	65535	1	0	8
皓尊项链(战)	720	26	16	16	5	720	26	16	16	5	65535	1	0	8
皓尊腰带(战)	720	26	16	16	5	720	26	16	16	5	65535	1	0	8
皓尊战靴	720	26	16	16	5	720	26	16	16	5	65535	1	0	8
皓尊战勋	720	26	16	16	5	720	26	16	16	5	65535	1	0	8
皓尊魔戒	720	26	16	16	5	720	26	16	16	5	65535	1	0	8
皓尊护腕(法)	720	26	16	16	5	720	26	16	16	5	65535	1	0	8
皓尊法冠	720	26	16	16	5	720	26	93	5	5	65535	1	0	8
皓尊项链(法)	720	26	16	16	5	720	26	16	16	5	65535	1	0	8
皓尊腰带(法)	720	26	16	16	5	720	26	16	16	5	65535	1	0	8
皓尊魔靴	720	26	16	16	5	720	26	16	16	5	65535	1	0	8
皓尊法勋	720	26	16	16	5	720	26	16	16	5	65535	1	0	8
皓尊道戒	720	26	16	16	5	720	26	16	16	5	65535	1	0	8
皓尊护腕(道)	720	26	16	16	5	720	26	16	16	5	65535	1	0	8
皓尊道盔	720	26	16	16	5	720	26	93	5	5	65535	1	0	8
皓尊项链(道)	720	26	16	16	5	720	26	16	16	5	65535	1	0	8
皓尊腰带(道)	720	26	16	16	5	720	26	16	16	5	65535	1	0	8
皓尊道靴	720	26	16	16	5	720	26	16	16	5	65535	1	0	8
皓尊道勋	720	26	16	16	5	720	26	16	16	5	65535	1	0	8
真龙战刃	0	0	0	0	8	1090	10	0	0	5	21600	6	0	8
真龙宝扇	0	0	0	0	8	1120	10	0	0	5	24000	6	0	8
真龙权杖	0	0	0	0	8	1170	10	0	0	5	22800	6	0	8
真龙项链(战)	1800	20	-33	-35	3	1800	20	-31	-36	3	65535	0	0	8
真龙战勋	1800	20	-33	-35	3	1800	20	-31	-36	3	65535	0	0	8
真龙护腕(战)	1800	20	-33	-35	3	1800	20	-31	-36	3	65535	0	0	8
真龙战戒	1800	20	-33	-35	3	1800	20	-31	-36	3	65535	0	0	8
真龙腰带(战)	1800	20	-33	-35	3	1800	20	-31	-36	3	65535	0	0	8
真龙战靴	1800	20	-33	-35	3	1800	20	-31	-36	3	65535	0	0	8
真龙战盔	1800	20	-33	-35	3	1800	20	43	-45	3	65535	0	0	8
真龙项链(法)	1800	20	-33	-35	3	1800	20	-31	-36	3	65535	0	0	8
真龙法勋	1800	20	-33	-35	3	1800	20	-31	-36	3	65535	0	0	8
真龙护腕(法)	1800	20	-33	-35	3	1800	20	-31	-36	3	65535	0	0	8
真龙魔戒	1800	20	-33	-35	3	1800	20	-31	-36	3	65535	0	0	8
真龙腰带(法)	1800	20	-33	-35	3	1800	20	-31	-36	3	65535	0	0	8
真龙魔靴	1800	20	-33	-35	3	1800	20	-31	-36	3	65535	0	0	8
真龙法冠	1800	20	-33	-35	3	1800	20	43	-45	3	65535	0	0	8
真龙项链(道)	1800	20	-33	-35	3	1800	20	-31	-36	3	65535	0	0	8
真龙道勋	1800	20	-33	-35	3	1800	20	-31	-36	3	65535	0	0	8
真龙护腕(道)	1800	20	-33	-35	3	1800	20	-31	-36	3	65535	0	0	8
真龙道戒	1800	20	-33	-35	3	1800	20	-31	-36	3	65535	0	0	8
真龙腰带(道)	1800	20	-33	-35	3	1800	20	-31	-36	3	65535	0	0	8
真龙道靴	1800	20	-33	-35	3	1800	20	-31	-36	3	65535	0	0	8
真龙道盔	1800	20	-33	-35	3	1800	20	43	-45	3	65535	0	0	8
灵蛇战戒	1890	20	-33	-35	3	1890	20	-31	-36	3	65535	0	0	8
灵蛇护腕(战)	1890	20	-33	-35	3	1890	20	-31	-36	3	65535	0	0	8
灵蛇腰带(战)	1890	20	-33	-35	3	1890	20	-31	-36	3	65535	0	0	8
灵蛇战靴	1890	20	-33	-35	3	1890	20	-31	-36	3	65535	0	0	8
灵蛇项链(战)	1890	20	-33	-35	3	1890	20	-31	-36	3	65535	0	0	8
灵蛇战勋	1890	20	-33	-35	3	1890	20	-31	-36	3	65535	0	0	8
灵蛇战盔	1890	20	-33	-35	3	1890	20	43	-45	3	65535	0	0	8
灵蛇魔戒	1890	20	-33	-35	3	1890	20	-31	-36	3	65535	0	0	8
灵蛇护腕(法)	1890	20	-33	-35	3	1890	20	-31	-36	3	65535	0	0	8
灵蛇腰带(法)	1890	20	-33	-35	3	1890	20	-31	-36	3	65535	0	0	8
灵蛇魔靴	1890	20	-33	-35	3	1890	20	-31	-36	3	65535	0	0	8
灵蛇项链(法)	1890	20	-33	-35	3	1890	20	-31	-36	3	65535	0	0	8
灵蛇法勋	1890	20	-33	-35	3	1890	20	-31	-36	3	65535	0	0	8
灵蛇魔盔	1890	20	-33	-35	3	1890	20	43	-45	3	65535	0	0	8
灵蛇道戒	1890	20	-33	-35	3	1890	20	-31	-36	3	65535	0	0	8
灵蛇护腕(道)	1890	20	-33	-35	3	1890	20	-31	-36	3	65535	0	0	8
灵蛇腰带(道)	1890	20	-33	-35	3	1890	20	-31	-36	3	65535	0	0	8
灵蛇道靴	1890	20	-33	-35	3	1890	20	-31	-36	3	65535	0	0	8
灵蛇项链(道)	1890	20	-33	-35	3	1890	20	-31	-36	3	65535	0	0	8
灵蛇道勋	1890	20	-33	-35	3	1890	20	-31	-36	3	65535	0	0	8
灵蛇道盔	1890	20	-33	-35	3	1890	20	43	-45	3	65535	0	0	8
灵蛇斗笠(战)	1890	20	-33	-35	3	1890	20	43	-45	3	65535	0	0	8
灵蛇斗笠(法)	1890	20	-33	-35	3	1890	20	43	-45	3	65535	0	0	8
灵蛇斗笠(道)	1890	20	-33	-35	3	1890	20	43	-45	3	65535	0	0	8
灵蛇面巾(战)	1890	20	-33	-35	3	1890	20	43	-45	3	65535	0	0	8
灵蛇面巾(法)	1890	20	-33	-35	3	1890	20	43	-45	3	65535	0	0	8
灵蛇面巾(道)	1890	20	-33	-35	3	1890	20	43	-45	3	65535	0	0	8
神蛇战戒	1830	20	-33	-35	3	1830	20	-31	-36	3	65535	0	0	8
神蛇护腕(战)	1830	20	-33	-35	3	1830	20	-31	-36	3	65535	0	0	8
神蛇腰带(战)	1830	20	-33	-35	3	1830	20	-31	-36	3	65535	0	0	8
神蛇战靴	1830	20	-33	-35	3	1830	20	-31	-36	3	65535	0	0	8
神蛇项链(战)	1830	20	-33	-35	3	1830	20	-31	-36	3	65535	0	0	8
神蛇战勋	1830	20	-33	-35	3	1830	20	-31	-36	3	65535	0	0	8
神蛇战盔	1830	20	-33	-35	3	1830	20	43	-45	3	65535	0	0	8
神蛇魔戒	1830	20	-33	-35	3	1830	20	-31	-36	3	65535	0	0	8
神蛇护腕(法)	1830	20	-33	-35	3	1830	20	-31	-36	3	65535	0	0	8
神蛇腰带(法)	1830	20	-33	-35	3	1830	20	-31	-36	3	65535	0	0	8
神蛇魔靴	1830	20	-33	-35	3	1830	20	-31	-36	3	65535	0	0	8
神蛇项链(法)	1830	20	-33	-35	3	1830	20	-31	-36	3	65535	0	0	8
神蛇法勋	1830	20	-33	-35	3	1830	20	-31	-36	3	65535	0	0	8
神蛇魔盔	1830	20	-33	-35	3	1830	20	43	-45	3	65535	0	0	8
神蛇道戒	1830	20	-33	-35	3	1830	20	-31	-36	3	65535	0	0	8
神蛇护腕(道)	1830	20	-33	-35	3	1830	20	-31	-36	3	65535	0	0	8
神蛇腰带(道)	1830	20	-33	-35	3	1830	20	-31	-36	3	65535	0	0	8
神蛇道靴	1830	20	-33	-35	3	1830	20	-31	-36	3	65535	0	0	8
神蛇项链(道)	1830	20	-33	-35	3	1830	20	-31	-36	3	65535	0	0	8
神蛇道勋	1830	20	-33	-35	3	1830	20	-31	-36	3	65535	0	0	8
神蛇道盔	1830	20	-33	-35	3	1830	20	43	-45	3	65535	0	0	8
神蛇斗笠(战)	1830	20	-33	-35	3	1830	20	43	-45	3	65535	0	0	8
神蛇斗笠(法)	1830	20	-33	-35	3	1830	20	43	-45	3	65535	0	0	8
神蛇斗笠(道)	1830	20	-33	-35	3	1830	20	43	-45	3	65535	0	0	8
神蛇面巾(战)	1830	20	-33	-35	3	1830	20	43	-45	3	65535	0	0	8
神蛇面巾(法)	1830	20	-33	-35	3	1830	20	43	-45	3	65535	0	0	8
神蛇面巾(道)	1830	20	-33	-35	3	1830	20	43	-45	3	65535	0	0	8
龙卫神剑	640	0	0	0	8	2850	16	0	0	8	13200	1	0	8
龙卫之冠	640	9	10	10	0	580	10	72	-14	5	65535	1	0	8
龙卫项链	640	9	10	10	0	550	10	-4	-4	5	65535	1	0	8
龙卫护腕	640	9	10	10	0	540	10	-4	-4	5	65535	1	0	8
龙卫之戒	640	9	10	10	0	530	10	-4	-4	5	65535	1	0	8
龙卫腰带	640	9	10	10	0	570	10	-4	-4	5	65535	1	0	8
龙卫之靴	640	9	10	10	0	560	10	-4	-4	5	65535	1	0	8
龙卫勋章	640	9	10	10	0	590	10	-4	-4	5	65535	1	0	8
紫鹰血盔	640	9	10	10	0	580	10	72	-14	5	65535	1	0	8
紫鹰血链	640	9	10	10	0	550	10	-4	-4	5	65535	1	0	8
紫鹰血手	640	9	10	10	0	540	10	-4	-4	5	65535	1	0	8
紫鹰血戒	640	9	10	10	0	530	10	-4	-4	5	65535	1	0	8
紫鹰血带	640	9	10	10	0	570	10	-4	-4	5	65535	1	0	8
紫鹰血靴	640	9	10	10	0	560	10	-4	-4	5	65535	1	0	8
御龙银盔	640	9	10	10	0	580	10	72	-14	5	65535	1	0	8
御龙银链	640	9	10	10	0	550	10	-4	-4	5	65535	1	0	8
御龙银手	640	9	10	10	0	540	10	-4	-4	5	65535	1	0	8
御龙银戒	640	9	10	10	0	530	10	-4	-4	5	65535	1	0	8
御龙银带	640	9	10	10	0	570	10	-4	-4	5	65535	1	0	8
御龙银靴	640	9	10	10	0	560	10	-4	-4	5	65535	1	0	8
主宰者战袍	0	0	0	0	0	0	0	0	0	1	4800	5	0	8
光辉神甲(男)	0	0	0	0	0	0	0	0	0	1	6000	5	0	8
光辉神甲(女)	0	0	0	0	0	0	0	0	0	1	6000	5	0	8
十级军鼓	0	19	0	0	5	0	19	0	0	5	65535	0	0	8
主宰者战甲(女)	0	0	0	0	0	0	0	0	0	1	4800	5	0	8
主宰者战甲(男)	0	0	0	0	0	0	0	0	0	1	4800	5	0	8
光辉战刃	0	0	0	0	0	2050	11	-68	-160	5	7200	7	0	8
光辉权杖	0	0	0	0	0	2010	12	-68	-160	5	10800	7	0	8
光辉宝扇	0	0	0	0	0	1930	12	-83	-195	5	13200	7	0	8
光耀战刃	0	0	0	0	0	2030	12	-70	-156	5	8400	7	0	8
光耀权杖	0	0	0	0	0	1990	12	-70	-156	5	9600	7	0	8
飞燕・光辉战刃	0	0	0	0	0	2050	11	-68	-160	5	7200	7	0	8
飞燕・光辉权杖	0	0	0	0	0	2010	12	-68	-160	5	10800	7	0	8
飞燕・光辉宝扇	0	0	0	0	0	1930	12	-83	-195	5	13200	7	0	8
飞燕・光耀战刃	0	0	0	0	0	2030	12	-70	-156	5	8400	7	0	8
飞燕・光耀权杖	0	0	0	0	0	1990	12	-70	-156	5	9600	7	0	8
飞燕・光耀宝扇	0	0	0	0	0	1910	12	-85	-195	5	12000	7	0	8
仙鹤・光辉战刃	0	0	0	0	0	2050	11	-68	-160	5	7200	7	0	8
仙鹤・光辉权杖	0	0	0	0	0	2010	12	-68	-160	5	10800	7	0	8
仙鹤・光辉宝扇	0	0	0	0	0	1930	12	-83	-195	5	13200	7	0	8
仙鹤・光耀战刃	0	0	0	0	0	2030	12	-70	-156	5	8400	7	0	8
仙鹤・光耀权杖	0	0	0	0	0	1990	12	-70	-156	5	9600	7	0	8
仙鹤・光耀宝扇	0	0	0	0	0	1910	12	-85	-195	5	12000	7	0	8
神雕・光辉战刃	0	0	0	0	0	2050	11	-68	-160	5	7200	7	0	8
神雕・光辉权杖	0	0	0	0	0	2010	12	-68	-160	5	10800	7	0	8
神雕・光辉宝扇	0	0	0	0	0	1930	12	-83	-195	5	13200	7	0	8
神雕・光耀战刃	0	0	0	0	0	2030	12	-70	-156	5	8400	7	0	8
神雕・光耀权杖	0	0	0	0	0	1990	12	-70	-156	5	9600	7	0	8
神雕・光耀宝扇	0	0	0	0	0	1910	12	-85	-195	5	12000	7	0	8
朱雀・光辉战刃	0	0	0	0	0	2050	11	-68	-160	5	7200	7	0	8
朱雀・光辉权杖	0	0	0	0	0	2010	12	-68	-160	5	10800	7	0	8
朱雀・光辉宝扇	0	0	0	0	0	1930	12	-83	-195	5	13200	7	0	8
朱雀・光耀战刃	0	0	0	0	0	2030	12	-70	-156	5	8400	7	0	8
朱雀・光耀权杖	0	0	0	0	0	1990	12	-70	-156	5	9600	7	0	8
朱雀・光耀宝扇	0	0	0	0	0	1910	12	-85	-195	5	12000	7	0	8
玄武・光辉战刃	0	0	0	0	0	2050	11	-68	-160	5	7200	7	0	8
玄武・光辉权杖	0	0	0	0	0	2010	12	-68	-160	5	10800	7	0	8
玄武・光辉宝扇	0	0	0	0	0	1930	12	-83	-195	5	13200	7	0	8
玄武・光耀战刃	0	0	0	0	0	2030	12	-70	-156	5	8400	7	0	8
玄武・光耀权杖	0	0	0	0	0	1990	12	-70	-156	5	9600	7	0	8
玄武・光耀宝扇	0	0	0	0	0	1910	12	-85	-195	5	12000	7	0	8
白虎・光辉战刃	0	0	0	0	0	2050	11	-68	-160	5	7200	7	0	8
白虎・光辉权杖	0	0	0	0	0	2010	12	-68	-160	5	10800	7	0	8
白虎・光辉宝扇	0	0	0	0	0	1930	12	-83	-195	5	13200	7	0	8
白虎・光耀战刃	0	0	0	0	0	2030	12	-70	-156	5	8400	7	0	8
白虎・光耀权杖	0	0	0	0	0	1990	12	-70	-156	5	9600	7	0	8
白虎・光耀宝扇	0	0	0	0	0	1910	12	-85	-195	5	12000	7	0	8
青龙・光辉战刃	0	0	0	0	0	2050	11	-68	-160	5	7200	7	0	8
青龙・光辉权杖	0	0	0	0	0	2010	12	-68	-160	5	10800	7	0	8
青龙・光辉宝扇	0	0	0	0	0	1930	12	-83	-195	5	13200	7	0	8
青龙・光耀战刃	0	0	0	0	0	2030	12	-70	-156	5	8400	7	0	8
青龙・光耀权杖	0	0	0	0	0	1990	12	-70	-156	5	9600	7	0	8
青龙・光耀宝扇	0	0	0	0	0	1910	12	-85	-195	5	12000	7	0	8
光耀宝扇	0	0	0	0	0	1910	12	-85	-195	5	12000	7	0	8
主宰者战刃	0	0	0	0	0	2078	9	-90	-60	5	14400	7	0	8
真气石	0	0	0	0	0	2070	9	40	-70	5	65535	0	0	8
真气石Lv.1	0	0	0	0	0	2070	9	40	-70	5	65535	0	0	8
真气石Lv.2	0	0	0	0	0	2070	9	40	-70	5	65535	0	0	8
真气石Lv.3	0	0	0	0	0	2070	9	40	-70	5	65535	0	0	8
真气石Lv.4	0	0	0	0	0	2070	9	40	-70	5	65535	0	0	8
真气石Lv.5	0	0	0	0	0	2070	9	40	-70	5	65535	0	0	8
真气石Lv.6	0	0	0	0	0	2070	9	40	-70	5	65535	0	0	8
真气石Lv.7	0	0	0	0	0	2070	9	40	-70	5	65535	0	0	8
护身符	0	0	0	0	0	2070	9	40	-70	5	65535	0	0	8
飞燕・主宰神剑	65535	0	0	0	1	2427	1	0	0	8	6000	1	0	4
飞燕・传奇神剑	2540	1	0	0	5	2530	8	0	0	8	8400	1	0	4
仙鹤・传奇神剑	2540	1	0	0	5	2530	8	0	0	8	8400	1	0	4
飞燕・皓月战刃	0	0	0	0	9	3630	18	0	0	8	8400	3	0	8
仙鹤・皓月战刃	0	0	0	0	9	3630	18	0	0	8	8400	3	0	8
神雕・皓月战刃	0	0	0	0	9	3630	18	0	0	8	8400	3	0	8
飞燕・皓月权杖	0	0	0	0	9	3650	18	0	0	8	10800	3	0	8
仙鹤・皓月权杖	0	0	0	0	9	3650	18	0	0	8	10800	3	0	8
神雕・皓月权杖	0	0	0	0	9	3650	18	0	0	8	10800	3	0	8
飞燕・皓月宝扇	0	0	0	0	9	3610	18	0	0	8	9600	3	0	8
仙鹤・皓月宝扇	0	0	0	0	9	3610	18	0	0	8	9600	3	0	8
神雕・皓月宝扇	0	0	0	0	9	3610	18	0	0	8	9600	3	0	8
光耀神甲(男)	0	0	0	0	0	0	0	0	0	1	6000	5	0	8
光耀神甲(女)	0	0	0	0	0	0	0	0	0	1	6000	5	0	8
天马战男	577	20	-13	-13	9	955	15	80	45	9	6600	5	0	8
天马权杖	577	20	-13	-13	9	990	10	65	28	9	10200	5	0	8
天马战斧	577	20	-13	-13	9	970	20	84	55	9	9600	5	0	8
天马神剑	577	20	-13	-13	9	1000	14	88	40	9	19200	5	0	8
天马道女	577	20	-13	-13	9	955	15	80	45	9	6600	5	0	8
天马战女	577	20	-13	-13	9	955	15	80	45	9	6600	5	0	8
天马魔男	577	20	-13	-13	9	955	15	80	45	9	6600	5	0	8
天马魔女	577	20	-13	-13	9	955	15	80	45	9	6600	5	0	8
天马道男	577	20	-13	-13	9	955	15	80	45	9	6600	5	0	8
天马道勋	577	20	-13	-13	9	577	20	-13	-13	9	65535	5	0	8
天马法勋	577	20	-13	-13	9	577	20	-13	-13	9	65535	5	0	8
天马战勋	577	20	-13	-13	9	577	20	-13	-13	9	65535	5	0	8
天马道腰	577	20	-13	-13	9	577	20	-13	-13	9	65535	5	0	8
天马道靴	577	20	-13	-13	9	577	20	-13	-13	9	65535	5	0	8
天马道戒	577	20	-13	-13	9	577	20	-13	-13	9	65535	5	0	8
天马道腕	577	20	-13	-13	9	577	20	-13	-13	9	65535	5	0	8
天马道链	577	20	-13	-13	9	577	20	-13	-13	9	65535	5	0	8
天马法腰	577	20	-13	-13	9	577	20	-13	-13	9	65535	5	0	8
天马魔靴	577	20	-13	-13	9	577	20	-13	-13	9	65535	5	0	8
天马魔戒	577	20	-13	-13	9	577	20	-13	-13	9	65535	5	0	8
天马法腕	577	20	-13	-13	9	577	20	-13	-13	9	65535	5	0	8
天马法链	577	20	-13	-13	9	577	20	-13	-13	9	65535	5	0	8
天马战腰	577	20	-13	-13	9	577	20	-13	-13	9	65535	5	0	8
天马战靴	577	20	-13	-13	9	577	20	-13	-13	9	65535	5	0	8
天马战戒	577	20	-13	-13	9	577	20	-13	-13	9	65535	5	0	8
天马战腕	577	20	-13	-13	9	577	20	-13	-13	9	65535	5	0	8
天马战链	577	20	-13	-13	9	577	20	-13	-13	9	65535	5	0	8
光辉道勋	1014	26	-13	-13	9	1014	26	-13	-13	9	65535	5	0	8
光辉法勋	1014	26	-13	-13	9	1014	26	-13	-13	9	65535	5	0	8
光辉战勋	1014	26	-13	-13	9	1014	26	-13	-13	9	65535	5	0	8
光辉道靴	1014	26	-13	-13	9	1014	26	-13	-13	9	65535	5	0	8
光辉道腰	1014	26	-13	-13	9	1014	26	-13	-13	9	65535	5	0	8
光辉道戒	1014	26	-13	-13	9	1014	26	-13	-13	9	65535	5	0	8
光辉道腕	1014	26	-13	-13	9	1014	26	-13	-13	9	65535	5	0	8
光辉道链	1014	26	-13	-13	9	1014	26	-13	-13	9	65535	5	0	8
光辉魔靴	1014	26	-13	-13	9	1014	26	-13	-13	9	65535	5	0	8
光辉法腰	1014	26	-13	-13	9	1014	26	-13	-13	9	65535	5	0	8
光辉魔戒	1014	26	-13	-13	9	1014	26	-13	-13	9	65535	5	0	8
光辉法腕	1014	26	-13	-13	9	1014	26	-13	-13	9	65535	5	0	8
光辉法链	1014	26	-13	-13	9	1014	26	-13	-13	9	65535	5	0	8
光辉战腰	1014	26	-13	-13	9	1014	26	-13	-13	9	65535	5	0	8
光辉战靴	1014	26	-13	-13	9	1014	26	-13	-13	9	65535	5	0	8
光辉战戒	1014	26	-13	-13	9	1014	26	-13	-13	9	65535	5	0	8
光辉战腕	1014	26	-13	-13	9	1014	26	-13	-13	9	65535	5	0	8
光辉战链	1014	26	-13	-13	9	1014	26	-13	-13	9	65535	5	0	8
灵玉	1040	27	-13	-13	9	1040	27	-13	-13	9	65535	5	0	8
魂玉	1040	27	-13	-13	9	1040	27	-13	-13	9	65535	5	0	8
血玉Lv.1	1040	27	-13	-13	9	1040	27	-13	-13	9	65535	5	0	8
凝冰腰带	1040	27	-13	-13	9	1040	27	-13	-13	9	65535	5	0	8
神龙印(道)	1040	27	-13	-13	9	1040	27	-13	-13	9	65535	5	0	8
神龙印(法)	1040	27	-13	-13	9	1040	27	-13	-13	9	65535	5	0	8
神龙印(战)	1040	27	-13	-13	9	1040	27	-13	-13	9	65535	5	0	8
十级军鼓(道)	1040	27	-13	-13	9	1040	27	-13	-13	9	65535	5	0	8
十级军鼓(法)	1040	27	-13	-13	9	1040	27	-13	-13	9	65535	5	0	8
十级军鼓(战)	1040	27	-13	-13	9	1040	27	-13	-13	9	65535	5	0	8
降龙神戒	1040	27	-13	-13	9	1040	27	-13	-13	9	65535	5	0	8
龙陨之戒	1040	27	-13	-13	9	1040	27	-13	-13	9	65535	5	0	8
龙威之戒	1040	27	-13	-13	9	1040	27	-13	-13	9	65535	5	0	8
龙怒之戒	1040	27	-13	-13	9	1040	27	-13	-13	9	65535	5	0	8
龙渊之戒	1040	27	-13	-13	9	1040	27	-13	-13	9	65535	5	0	8
龙神戒指	1040	27	-13	-13	9	1040	27	-13	-13	9	65535	5	0	8
天之乾坤戒指	1040	27	-13	-13	9	1040	27	-13	-13	9	65535	5	0	8
地之乾坤戒指	1040	27	-13	-13	9	1040	27	-13	-13	9	65535	5	0	8
人之乾坤戒指	1040	27	-13	-13	9	1040	27	-13	-13	9	65535	5	0	8
极品乾坤戒指	1040	27	-13	-13	9	1040	27	-13	-13	9	65535	5	0	8
乾坤腰带	1040	27	-13	-13	9	1040	27	-13	-13	9	65535	5	0	8
乾坤戒指	1040	27	-13	-13	9	1040	27	-13	-13	9	65535	5	0	8
白日门乾坤腰带	1040	27	-13	-13	9	1040	27	-13	-13	9	65535	5	0	8
主宰者灵笛	1040	27	-13	-13	9	1040	27	-13	-13	9	65535	5	0	8
皓月印(道)	1040	27	-13	-13	9	1040	27	-13	-13	9	65535	5	0	8
皓月印(法)	1040	27	-13	-13	9	1040	27	-13	-13	9	65535	5	0	8
皓月印(战)	1040	27	-13	-13	9	1040	27	-13	-13	9	65535	5	0	8
九级军鼓(道)	1040	27	-13	-13	9	1040	27	-13	-13	9	65535	5	0	8
九级军鼓(法)	1040	27	-13	-13	9	1040	27	-13	-13	9	65535	5	0	8
九级军鼓(战)	1040	27	-13	-13	9	1040	27	-13	-13	9	65535	5	0	8
八级军鼓(道)	1040	27	-13	-13	9	1040	27	-13	-13	9	65535	5	0	8
八级军鼓(法)	1040	27	-13	-13	9	1040	27	-13	-13	9	65535	5	0	8
八级军鼓(战)	1040	27	-13	-13	9	1040	27	-13	-13	9	65535	5	0	8
七级军鼓(道)	1040	27	-13	-13	9	1040	27	-13	-13	9	65535	5	0	8
七级军鼓(法)	1040	27	-13	-13	9	1040	27	-13	-13	9	65535	5	0	8
七级军鼓(战)	1040	27	-13	-13	9	1040	27	-13	-13	9	65535	5	0	8
六级军鼓(道)	1040	27	-13	-13	9	1040	27	-13	-13	9	65535	5	0	8
六级军鼓(法)	1040	27	-13	-13	9	1040	27	-13	-13	9	65535	5	0	8
六级军鼓(战)	1040	27	-13	-13	9	1040	27	-13	-13	9	65535	5	0	8
五级军鼓(道)	1040	27	-13	-13	9	1040	27	-13	-13	9	65535	5	0	8
五级军鼓(法)	1040	27	-13	-13	9	1040	27	-13	-13	9	65535	5	0	8
五级军鼓(战)	1040	27	-13	-13	9	1040	27	-13	-13	9	65535	5	0	8
四级军鼓(道)	1040	27	-13	-13	9	1040	27	-13	-13	9	65535	5	0	8
四级军鼓(法)	1040	27	-13	-13	9	1040	27	-13	-13	9	65535	5	0	8
四级军鼓(战)	1040	27	-13	-13	9	1040	27	-13	-13	9	65535	5	0	8
三级军鼓(道)	1040	27	-13	-13	9	1040	27	-13	-13	9	65535	5	0	8
三级军鼓(法)	1040	27	-13	-13	9	1040	27	-13	-13	9	65535	5	0	8
三级军鼓(战)	1040	27	-13	-13	9	1040	27	-13	-13	9	65535	5	0	8
冰石乾坤腰带	1040	27	-13	-13	9	1040	27	-13	-13	9	65535	5	0	8
冰石腰带	1040	27	-13	-13	9	1040	27	-13	-13	9	65535	5	0	8
邪眼神蛇道勋	1040	27	-13	-13	9	1040	27	-13	-13	9	65535	5	0	8
邪眼神蛇法勋	1040	27	-13	-13	9	1040	27	-13	-13	9	65535	5	0	8
邪眼神蛇战勋	1040	27	-13	-13	9	1040	27	-13	-13	9	65535	5	0	8
邪眼神蛇战戒	1040	27	-13	-13	9	1040	27	-13	-13	9	65535	5	0	8
魂玉Lv.MAX	1040	27	-13	-13	9	1040	27	-13	-13	9	65535	5	0	8
魂玉Lv.24	1040	27	-13	-13	9	1040	27	-13	-13	9	65535	5	0	8
魂玉Lv.23	1040	27	-13	-13	9	1040	27	-13	-13	9	65535	5	0	8
魂玉Lv.22	1040	27	-13	-13	9	1040	27	-13	-13	9	65535	5	0	8
魂玉Lv.21	1040	27	-13	-13	9	1040	27	-13	-13	9	65535	5	0	8
魂玉Lv.20	1040	27	-13	-13	9	1040	27	-13	-13	9	65535	5	0	8
魂玉Lv.19	1040	27	-13	-13	9	1040	27	-13	-13	9	65535	5	0	8
魂玉Lv.18	1040	27	-13	-13	9	1040	27	-13	-13	9	65535	5	0	8
魂玉Lv.17	1040	27	-13	-13	9	1040	27	-13	-13	9	65535	5	0	8
魂玉Lv.16	1040	27	-13	-13	9	1040	27	-13	-13	9	65535	5	0	8
魂玉Lv.15	1040	27	-13	-13	9	1040	27	-13	-13	9	65535	5	0	8
魂玉Lv.14	1040	27	-13	-13	9	1040	27	-13	-13	9	65535	5	0	8
魂玉Lv.13	1040	27	-13	-13	9	1040	27	-13	-13	9	65535	5	0	8
魂玉Lv.12	1040	27	-13	-13	9	1040	27	-13	-13	9	65535	5	0	8
魂玉Lv.11	1040	27	-13	-13	9	1040	27	-13	-13	9	65535	5	0	8
魂玉Lv.10	1040	27	-13	-13	9	1040	27	-13	-13	9	65535	5	0	8
魂玉Lv.9	1040	27	-13	-13	9	1040	27	-13	-13	9	65535	5	0	8
魂玉Lv.8	1040	27	-13	-13	9	1040	27	-13	-13	9	65535	5	0	8
魂玉Lv.7	1040	27	-13	-13	9	1040	27	-13	-13	9	65535	5	0	8
魂玉Lv.6	1040	27	-13	-13	9	1040	27	-13	-13	9	65535	5	0	8
魂玉Lv.5	1040	27	-13	-13	9	1040	27	-13	-13	9	65535	5	0	8
魂玉Lv.4	1040	27	-13	-13	9	1040	27	-13	-13	9	65535	5	0	8
魂玉Lv.3	1040	27	-13	-13	9	1040	27	-13	-13	9	65535	5	0	8
魂玉Lv.2	1040	27	-13	-13	9	1040	27	-13	-13	9	65535	5	0	8
魂玉Lv.1	1040	27	-13	-13	9	1040	27	-13	-13	9	65535	5	0	8
灵玉Lv.MAX	1040	27	-13	-13	9	1040	27	-13	-13	9	65535	5	0	8
灵玉Lv.24	1040	27	-13	-13	9	1040	27	-13	-13	9	65535	5	0	8
灵玉Lv.23	1040	27	-13	-13	9	1040	27	-13	-13	9	65535	5	0	8
灵玉Lv.22	1040	27	-13	-13	9	1040	27	-13	-13	9	65535	5	0	8
灵玉Lv.21	1040	27	-13	-13	9	1040	27	-13	-13	9	65535	5	0	8
灵玉Lv.20	1040	27	-13	-13	9	1040	27	-13	-13	9	65535	5	0	8
灵玉Lv.19	1040	27	-13	-13	9	1040	27	-13	-13	9	65535	5	0	8
灵玉Lv.18	1040	27	-13	-13	9	1040	27	-13	-13	9	65535	5	0	8
灵玉Lv.17	1040	27	-13	-13	9	1040	27	-13	-13	9	65535	5	0	8
灵玉Lv.16	1040	27	-13	-13	9	1040	27	-13	-13	9	65535	5	0	8
灵玉Lv.15	1040	27	-13	-13	9	1040	27	-13	-13	9	65535	5	0	8
灵玉Lv.14	1040	27	-13	-13	9	1040	27	-13	-13	9	65535	5	0	8
灵玉Lv.13	1040	27	-13	-13	9	1040	27	-13	-13	9	65535	5	0	8
灵玉Lv.12	1040	27	-13	-13	9	1040	27	-13	-13	9	65535	5	0	8
灵玉Lv.11	1040	27	-13	-13	9	1040	27	-13	-13	9	65535	5	0	8
灵玉Lv.10	1040	27	-13	-13	9	1040	27	-13	-13	9	65535	5	0	8
灵玉Lv.9	1040	27	-13	-13	9	1040	27	-13	-13	9	65535	5	0	8
灵玉Lv.8	1040	27	-13	-13	9	1040	27	-13	-13	9	65535	5	0	8
灵玉Lv.7	1040	27	-13	-13	9	1040	27	-13	-13	9	65535	5	0	8
灵玉Lv.6	1040	27	-13	-13	9	1040	27	-13	-13	9	65535	5	0	8
灵玉Lv.5	1040	27	-13	-13	9	1040	27	-13	-13	9	65535	5	0	8
灵玉Lv.4	1040	27	-13	-13	9	1040	27	-13	-13	9	65535	5	0	8
灵玉Lv.3	1040	27	-13	-13	9	1040	27	-13	-13	9	65535	5	0	8
灵玉Lv.2	1040	27	-13	-13	9	1040	27	-13	-13	9	65535	5	0	8
灵玉Lv.1	1040	27	-13	-13	9	1040	27	-13	-13	9	65535	5	0	8
主宰印	1040	27	-13	-13	9	1040	27	-13	-13	9	65535	5	0	8
主宰灵玉	1040	27	-13	-13	9	1040	27	-13	-13	9	65535	5	0	8
重生护腕	1040	27	-13	-13	9	1040	27	-13	-13	9	65535	5	0	8
神龙之心	1040	27	-13	-13	9	1040	27	-13	-13	9	65535	5	0	8
天马道盔	1830	20	-33	-35	3	1830	20	43	-45	3	65535	0	0	8
天马战盔	1830	20	-33	-35	3	1830	20	43	-45	3	65535	0	0	8
天马法冠	1830	20	-33	-35	3	1830	20	43	-45	3	65535	0	0	8
光辉战盔	1830	20	-33	-35	3	1830	20	43	-45	3	65535	0	0	8
光辉道盔	1830	20	-33	-35	3	1830	20	43	-45	3	65535	0	0	8
光辉法冠	1830	20	-33	-35	3	1830	20	43	-45	3	65535	0	0	8
爱拼传奇・战刀	1014	26	-13	-13	9	877	18	0	0	9	13200	5	0	8
爱拼传奇・道剑	577	20	-13	-13	9	1000	14	88	40	9	19200	5	0	8
爱拼传奇・魔杖	577	20	-13	-13	9	990	10	65	28	9	10200	5	0	8
爱拼传奇・战男	577	20	-13	-13	9	597	10	0	0	9	9000	5	0	8
爱拼传奇・战女	577	20	-13	-13	9	597	10	0	0	9	9000	5	0	8
爱拼传奇・道男	577	20	-13	-13	9	65535	10	0	0	9	7200	5	0	8
爱拼传奇・魔男	577	20	-13	-13	9	65535	10	0	0	9	9000	5	0	8
爱拼传奇・道女	577	20	-13	-13	9	65535	10	0	0	9	7200	5	0	8
爱拼传奇・魔女	577	20	-13	-13	9	65535	10	0	0	9	9000	5	0	8
爱拼传奇・项链	1092	26	-13	-13	9	1092	26	-13	-13	9	65535	5	0	8
爱拼传奇・护腕	1092	26	-13	-13	9	1092	26	-13	-13	9	65535	5	0	8
爱拼传奇・戒指	1092	26	-13	-13	9	1092	26	-13	-13	9	65535	5	0	8
爱拼传奇・靴子	1092	26	-13	-13	9	1092	26	-13	-13	9	65535	5	0	8
爱拼传奇・腰带	1092	26	-13	-13	9	1092	26	-13	-13	9	65535	5	0	8
爱拼传奇・勋章	1092	26	-13	-13	9	1092	26	-13	-13	9	65535	5	0	8
金羊战刃	0	0	0	0	0	0	0	0	0	5	65535	1	0	8
金羊之剑	0	0	0	0	0	0	0	0	0	5	65535	1	0	8
金羊法杖	0	0	0	0	0	0	0	0	0	5	65535	1	0	8
金羊神甲(男)	0	0	0	0	0	0	0	0	0	5	65535	1	0	8
金羊神甲(女)	0	0	0	0	0	0	0	0	0	5	65535	1	0	8
金羊项链	0	0	0	0	0	0	0	0	0	5	65535	1	0	8
金羊护腕	0	0	0	0	0	0	0	0	0	5	65535	1	0	8
金羊之戒	0	0	0	0	0	0	0	0	0	5	65535	1	0	8
金羊之冠	0	0	0	0	0	0	0	0	0	5	65535	1	0	8
金羊腰带	0	0	0	0	0	0	0	0	0	5	65535	1	0	8
金羊之靴	0	0	0	0	0	0	0	0	0	5	65535	1	0	8
金羊斗笠	0	0	0	0	0	0	0	0	0	5	65535	1	0	8
金羊面巾	0	0	0	0	0	0	0	0	0	5	65535	1	0	8
金羊勋章	0	0	0	0	0	0	0	0	0	5	65535	1	0	8
灵羊战刃	0	0	0	0	0	2250	14	80	20	5	1200	1	0	8
灵羊法杖	0	0	0	0	0	2286	14	70	30	5	4800	1	0	8
灵羊道剑	0	0	0	0	0	2322	11	90	60	5	2400	1	0	8
灵羊战甲(男)	0	0	0	0	0	2394	9	90	60	5	0	0	0	4
灵羊战甲(女)	0	0	0	0	0	2394	9	90	60	5	0	0	0	4
灵羊魔衣(男)	0	0	0	0	0	2448	10	90	60	5	4800	0	0	4
灵羊魔衣(女)	0	0	0	0	0	2484	9	90	60	5	4800	0	0	4
灵羊道袍(女)	0	0	0	0	0	2520	10	90	60	5	2400	0	0	4
灵羊衣服凭证	0	0	0	0	0	0	0	0	0	5	65535	1	0	8
灵羊首饰凭证	0	0	0	0	0	0	0	0	0	5	65535	1	0	8
神羊战刃	0	0	0	0	0	2268	14	80	20	5	1200	1	0	8
神羊法杖	0	0	0	0	0	2304	14	70	30	5	6000	1	0	8
神羊道剑	0	0	0	0	0	2340	11	70	30	5	3600	1	0	8
神羊战甲(男)	0	0	0	0	0	2405	13	90	60	5	1200	0	0	4
神羊战甲(女)	0	0	0	0	0	2405	13	90	60	5	1200	0	0	4
神羊魔衣(男)	0	0	0	0	0	2466	9	90	60	5	6000	0	0	8
神羊魔衣(女)	0	0	0	0	0	2502	9	90	60	5	6000	0	0	4
神羊道袍(男)	0	0	0	0	0	2538	11	90	60	5	3600	0	0	4
神羊道袍(女)	0	0	0	0	0	2538	11	90	60	5	3600	0	0	4
神羊武器凭证	0	0	0	0	0	0	0	0	0	5	65535	1	0	8
神羊衣服凭证	0	0	0	0	0	0	0	0	0	5	65535	1	0	8
灵羊道袍(男)	0	0	0	0	0	2520	14	90	60	5	2400	0	0	4
神羊战戒	0	0	0	0	0	720	26	20	10	5	65535	1	0	8
邪眼神羊战戒	0	0	0	0	0	720	26	20	10	5	65535	1	0	8
神羊魔戒	0	0	0	0	0	720	26	20	10	5	65535	1	0	8
神羊道戒	0	0	0	0	0	720	26	20	10	5	65535	1	0	8
神羊项链(战)	0	0	0	0	0	720	26	20	10	5	65535	1	0	8
神羊项链(法)	0	0	0	0	0	720	26	20	10	5	65535	1	0	8
神羊项链(道)	0	0	0	0	0	720	26	20	10	5	65535	1	0	8
神羊战盔	0	0	0	0	0	720	26	95	0	5	65535	1	0	8
神羊法冠	0	0	0	0	0	720	26	95	0	5	65535	1	0	8
神羊道盔	0	0	0	0	0	720	26	95	0	5	65535	1	0	8
神羊魔靴	0	0	0	0	0	720	26	20	10	5	65535	1	0	8
神羊道靴	0	0	0	0	0	720	26	20	10	5	65535	1	0	8
神羊护腕(战)	0	0	0	0	0	720	26	20	10	5	65535	1	0	8
神羊护腕(法)	0	0	0	0	0	720	26	20	10	5	65535	1	0	8
神羊护腕(道)	0	0	0	0	0	720	26	20	10	5	65535	1	0	8
神羊战勋	0	0	0	0	0	720	26	20	10	5	65535	1	0	8
邪眼神羊战勋	0	0	0	0	0	720	26	20	10	5	65535	1	0	8
神羊法勋	0	0	0	0	0	720	26	20	10	5	65535	1	0	8
邪眼神羊法勋	0	0	0	0	0	720	26	20	10	5	65535	1	0	8
神羊道勋	0	0	0	0	0	720	26	20	10	5	65535	1	0	8
邪眼神羊道勋	0	0	0	0	0	720	26	20	10	5	65535	1	0	8
神羊腰带(战)	0	0	0	0	0	720	26	20	10	5	65535	1	0	8
神羊腰带(法)	0	0	0	0	0	720	26	20	10	5	65535	1	0	8
神羊腰带(道)	0	0	0	0	0	720	26	20	10	5	65535	1	0	8
神羊斗笠(战)	0	0	0	0	0	720	26	20	10	5	65535	1	0	8
神羊斗笠(法)	0	0	0	0	0	720	26	20	10	5	65535	1	0	8
神羊斗笠(道)	0	0	0	0	0	720	26	20	10	5	65535	1	0	8
灵羊战戒	0	0	0	0	0	3580	26	-22	-22	8	65535	1	0	8
灵羊魔戒	0	0	0	0	0	3580	26	-22	-22	8	65535	1	0	8
灵羊道戒	0	0	0	0	0	3580	26	-22	-22	8	65535	1	0	8
灵羊项链(战)	0	0	0	0	0	3580	26	-22	-22	8	65535	1	0	8
灵羊项链(法)	0	0	0	0	0	3580	26	-22	-22	8	65535	1	0	8
灵羊项链(道)	0	0	0	0	0	3580	26	-22	-22	8	65535	1	0	8
灵羊战盔	0	0	0	0	0	3580	26	53	-35	8	65535	1	0	8
灵羊法冠	0	0	0	0	0	3580	26	53	-35	8	65535	1	0	8
灵羊道盔	0	0	0	0	0	3580	26	53	-35	8	65535	1	0	8
灵羊战靴	0	0	0	0	0	3580	26	-22	-22	8	65535	1	0	8
灵羊魔靴	0	0	0	0	0	3580	26	-22	-22	5	65535	1	0	8
灵羊道靴	0	0	0	0	0	3580	26	-22	-22	8	65535	1	0	8
灵羊护腕(战)	0	0	0	0	0	3580	26	-22	-22	8	65535	1	0	8
灵羊护腕(法)	0	0	0	0	0	3580	26	-22	-22	8	65535	1	0	8
灵羊护腕(道)	0	0	0	0	0	3580	26	-22	-22	8	65535	1	0	8
灵羊战勋	0	0	0	0	0	3580	26	-22	-22	8	65535	1	0	8
灵羊法勋	0	0	0	0	0	3580	26	-22	-22	8	65535	1	0	8
灵羊道勋	0	0	0	0	0	3580	26	-22	-22	8	65535	1	0	8
灵羊腰带(战)	0	0	0	0	0	3580	26	-22	-22	8	65535	1	0	8
灵羊腰带(法)	0	0	0	0	0	3580	26	-22	-22	8	65535	1	0	8
灵羊腰带(道)	0	0	0	0	0	3580	26	-22	-22	8	65535	1	0	8
神猴道剑	0	0	0	0	8	3710	11	82	35	4	9600	9	0	8
神猴法杖	0	0	0	0	8	3680	10	88	10	4	13200	9	0	8
神猴战刃	0	0	0	0	8	3650	10	76	10	4	8400	9	0	8
神猴重生袍(男)	0	0	0	0	8	3950	10	85	35	4	7800	8	0	4
神猴重生袍(女)	0	0	0	0	8	3990	10	85	35	4	7800	8	0	4
神猴重生衣(男)	0	0	0	0	8	3870	10	85	35	4	10800	8	0	4
神猴重生衣(女)	0	0	0	0	8	3910	10	85	35	4	10800	8	0	4
神猴重生甲(男)	0	0	0	0	8	3790	10	85	35	4	0	8	0	4
神猴重生甲(女)	0	0	0	0	8	3830	10	85	35	4	0	8	0	4
神猴道袍(男)	0	0	0	0	8	3950	10	85	35	4	7800	8	0	4
神猴道袍(女)	0	0	0	0	8	3990	10	85	35	4	7800	8	0	4
神猴魔衣(男)	0	0	0	0	8	3870	10	85	35	4	10800	8	0	4
神猴魔衣(女)	0	0	0	0	8	3910	10	85	35	4	10800	8	0	4
神猴战甲(男)	0	0	0	0	8	3790	10	85	35	4	0	8	0	4
神猴战甲(女)	0	0	0	0	8	3830	10	85	35	4	0	8	0	4
金猴之靴	577	20	-13	-13	9	577	20	-13	-13	9	65535	5	0	8
金猴之冠	577	20	-13	-13	9	577	20	-13	-13	9	65535	5	0	8
金猴之戒	577	20	-13	-13	9	577	20	-13	-13	9	65535	5	0	8
金猴勋章	577	20	-13	-13	9	577	20	-13	-13	9	65535	5	0	8
金猴腰带	577	20	-13	-13	9	577	20	-13	-13	9	65535	5	0	8
金猴护腕	577	20	-13	-13	9	577	20	-13	-13	9	65535	5	0	8
金猴项链	577	20	-13	-13	9	577	20	-13	-13	9	65535	5	0	8
金猴道靴	577	20	-13	-13	9	577	20	-13	-13	9	65535	5	0	8
金猴道盔	577	20	-13	-13	9	577	20	-13	-13	9	65535	5	0	8
金猴道戒	577	20	-13	-13	9	577	20	-13	-13	9	65535	5	0	8
金猴道勋	577	20	-13	-13	9	577	20	-13	-13	9	65535	5	0	8
金猴腰带(道)	577	20	-13	-13	9	577	20	-13	-13	9	65535	5	0	8
金猴护腕(道)	577	20	-13	-13	9	577	20	-13	-13	9	65535	5	0	8
金猴项链(道)	577	20	-13	-13	9	577	20	-13	-13	9	65535	5	0	8
金猴魔靴	577	20	-13	-13	9	577	20	-13	-13	9	65535	5	0	8
金猴法冠	577	20	-13	-13	9	577	20	-13	-13	9	65535	5	0	8
金猴魔戒	577	20	-13	-13	9	577	20	-13	-13	9	65535	5	0	8
金猴法勋	577	20	-13	-13	9	577	20	-13	-13	9	65535	5	0	8
金猴腰带(法)	577	20	-13	-13	9	577	20	-13	-13	9	65535	5	0	8
金猴护腕(法)	577	20	-13	-13	9	577	20	-13	-13	9	65535	5	0	8
金猴项链(法)	577	20	-13	-13	9	577	20	-13	-13	9	65535	5	0	8
神猴斗笠(道)	577	20	-13	-13	9	577	20	-13	-13	9	65535	5	0	8
神猴腰带(道)	577	20	-13	-13	9	577	20	-13	-13	9	65535	5	0	8
神猴腰带(法)	577	20	-13	-13	9	577	20	-13	-13	9	65535	5	0	8
神猴腰带(战)	577	20	-13	-13	9	577	20	-13	-13	9	65535	5	0	8
邪眼神猴道勋	577	20	-13	-13	9	577	20	-13	-13	9	65535	5	0	8
邪眼神猴法勋	577	20	-13	-13	9	577	20	-13	-13	9	65535	5	0	8
邪眼神猴战勋	577	20	-13	-13	9	577	20	-13	-13	9	65535	5	0	8
神猴道勋	577	20	-13	-13	9	577	20	-13	-13	9	65535	5	0	8
神猴法勋	577	20	-13	-13	9	577	20	-13	-13	9	65535	5	0	8
神猴战勋	577	20	-13	-13	9	577	20	-13	-13	9	65535	5	0	8
神猴护腕(道)	577	20	-13	-13	9	577	20	-13	-13	9	65535	5	0	8
神猴护腕(法)	577	20	-13	-13	9	577	20	-13	-13	9	65535	5	0	8
神猴护腕(战)	577	20	-13	-13	9	577	20	-13	-13	9	65535	5	0	8
神猴道靴	577	20	-13	-13	9	577	20	-13	-13	9	65535	5	0	8
神猴魔靴	577	20	-13	-13	9	577	20	-13	-13	9	65535	5	0	8
神猴战靴	577	20	-13	-13	9	577	20	-13	-13	9	65535	5	0	8
神猴道盔	577	20	-13	-13	9	577	20	-13	-13	9	65535	5	0	8
神猴法冠	577	20	-13	-13	9	577	20	-13	-13	9	65535	5	0	8
神猴战盔	577	20	-13	-13	9	577	20	-13	-13	9	65535	5	0	8
神猴项链(法)	577	20	-13	-13	9	577	20	-13	-13	9	65535	5	0	8
神猴项链(道)	577	20	-13	-13	9	577	20	-13	-13	9	65535	5	0	8
神猴项链(战)	577	20	-13	-13	9	577	20	-13	-13	9	65535	5	0	8
神猴道戒	577	20	-13	-13	9	577	20	-13	-13	9	65535	5	0	8
神猴魔戒	577	20	-13	-13	9	577	20	-13	-13	9	65535	5	0	8
邪眼神猴战戒	577	20	-13	-13	9	577	20	-13	-13	9	65535	5	0	8
神猴战戒	577	20	-13	-13	9	577	20	-13	-13	9	65535	5	0	8
灵猴腰带(道)	577	20	-13	-13	9	577	20	-13	-13	9	65535	5	0	8
灵猴腰带(法)	577	20	-13	-13	9	577	20	-13	-13	9	65535	5	0	8
灵猴腰带(战)	577	20	-13	-13	9	577	20	-13	-13	9	65535	5	0	8
灵猴道勋	577	20	-13	-13	9	577	20	-13	-13	9	65535	5	0	8
灵猴法勋	577	20	-13	-13	9	577	20	-13	-13	9	65535	5	0	8
灵猴战勋	577	20	-13	-13	9	577	20	-13	-13	9	65535	5	0	8
灵猴护腕(道)	577	20	-13	-13	9	577	20	-13	-13	9	65535	5	0	8
灵猴护腕(法)	577	20	-13	-13	9	577	20	-13	-13	9	65535	5	0	8
灵猴护腕(战)	577	20	-13	-13	9	577	20	-13	-13	9	65535	5	0	8
灵猴道靴	577	20	-13	-13	9	577	20	-13	-13	9	65535	5	0	8
灵猴魔靴	577	20	-13	-13	9	577	20	-13	-13	9	65535	5	0	8
灵猴战靴	577	20	-13	-13	9	577	20	-13	-13	9	65535	5	0	8
灵猴道盔	577	20	-13	-13	9	577	20	-13	-13	9	65535	5	0	8
灵猴法冠	577	20	-13	-13	9	577	20	-13	-13	9	65535	5	0	8
灵猴战盔	577	20	-13	-13	9	577	20	-13	-13	9	65535	5	0	8
灵猴项链(道)	577	20	-13	-13	9	577	20	-13	-13	9	65535	5	0	8
灵猴项链(法)	577	20	-13	-13	9	577	20	-13	-13	9	65535	5	0	8
灵猴项链(战)	577	20	-13	-13	9	577	20	-13	-13	9	65535	5	0	8
灵猴道戒	577	20	-13	-13	9	577	20	-13	-13	9	65535	5	0	8
灵猴魔戒	577	20	-13	-13	9	577	20	-13	-13	9	65535	5	0	8
灵猴战戒	577	20	-13	-13	9	577	20	-13	-13	9	65535	5	0	8
金猴战靴	577	20	-13	-13	9	577	20	-13	-13	9	65535	5	0	8
金猴战盔	577	20	-13	-13	9	577	20	-13	-13	9	65535	5	0	8
金猴战戒	577	20	-13	-13	9	577	20	-13	-13	9	65535	5	0	8
金猴战勋	577	20	-13	-13	9	577	20	-13	-13	9	65535	5	0	8
金猴腰带(战)	577	20	-13	-13	9	577	20	-13	-13	9	65535	5	0	8
金猴护腕(战)	577	20	-13	-13	9	577	20	-13	-13	9	65535	5	0	8
金猴项链(战)	577	20	-13	-13	9	577	20	-13	-13	9	65535	5	0	8
金猴战刃	0	0	0	0	8	3650	10	76	10	4	8400	9	0	8
金猴之剑	0	0	0	0	8	3710	11	82	35	4	9600	9	0	8
金猴法杖	0	0	0	0	8	3680	10	88	10	4	13200	9	0	8
金猴战甲(男)	0	0	0	0	8	3790	10	85	35	4	0	8	0	4
金猴战甲(女)	0	0	0	0	8	3830	10	85	35	4	0	8	0	4
金猴魔衣(男)	0	0	0	0	8	3870	10	85	35	4	10800	8	0	4
金猴魔衣(女)	0	0	0	0	8	3910	10	85	35	4	10800	8	0	4
金猴道袍(男)	0	0	0	0	8	3950	10	85	35	4	7800	8	0	4
金猴道袍(女)	0	0	0	0	8	3990	10	85	35	4	7800	8	0	4
灵猴战刃	0	0	0	0	8	3650	10	76	10	4	8400	9	0	8
灵猴法杖	0	0	0	0	8	3680	10	88	10	4	13200	9	0	8
灵猴道剑	0	0	0	0	8	3710	11	82	35	4	9600	9	0	8
灵猴战甲(男)	0	0	0	0	8	3790	10	85	35	4	0	8	0	4
灵猴战甲(女)	0	0	0	0	8	3830	10	85	35	4	0	8	0	4
灵猴魔衣(男)	0	0	0	0	8	3870	10	85	35	4	10800	8	0	4
灵猴魔衣(女)	0	0	0	0	8	3910	10	85	35	4	10800	8	0	4
灵猴道袍(男)	0	0	0	0	8	3950	10	85	35	4	7800	8	0	4
灵猴道袍(女)	0	0	0	0	8	3990	10	85	35	4	7800	8	0	4
