;物品特效配置文件
雷霆战甲(男)	65535	0	0	0	25	65535	0	0	0	25	8400	30	0	8	-1	0	0	0	0
雷霆战甲(女)	65535	0	0	0	25	65535	0	0	0	25	9000	30	0	8	-1	0	0	0	0
烈焰魔衣(男)	65535	0	0	0	25	65535	0	0	0	25	9600	30	0	8	-1	0	0	0	0
烈焰魔衣(女)	65535	0	0	0	25	65535	0	0	0	25	10200	30	0	8	-1	0	0	0	0
光芒道袍(男)	65535	0	0	0	25	65535	0	0	0	25	0	30	0	8	-1	0	0	0	0
光芒道袍(女)	65535	0	0	0	25	65535	0	0	0	25	600	30	0	8	-1	0	0	0	0
金牛道剑	65535	0	0	0	25	1403	1	0	0	25	0	31	0	8	-1	0	0	0	0
金牛勋章	640	9	18	15	21	640	9	18	15	21	-1	31	0	8	-1	0	0	0	0
金牛战盔	640	9	15	15	21	620	11	77	-11	21	-1	30	0	8	-1	0	0	0	0
金牛魔盔	640	9	15	15	21	620	11	77	-11	21	-1	30	0	8	-1	0	0	0	0
金牛道盔	640	9	15	15	21	620	11	77	-11	21	-1	30	0	8	-1	0	0	0	0
金牛腰带(战)	640	9	15	15	21	640	9	15	15	21	-1	30	0	8	-1	0	0	0	0
金牛腰带(法)	640	9	15	15	21	640	9	15	15	21	-1	30	0	8	-1	0	0	0	0
金牛腰带(道)	640	9	15	15	21	640	9	15	15	21	-1	30	0	8	-1	0	0	0	0
金牛战靴	640	9	15	15	21	640	9	15	15	21	-1	30	0	8	-1	0	0	0	0
金牛魔靴	640	9	15	15	21	640	9	15	15	21	-1	30	0	8	-1	0	0	0	0
金牛道靴	640	9	15	15	21	640	9	15	15	21	-1	30	0	8	-1	0	0	0	0
金牛项链(战)	640	9	12	16	21	640	9	12	16	21	-1	30	0	8	-1	0	0	0	0
金牛项链(法)	640	9	12	16	21	640	9	12	16	21	-1	30	0	8	-1	0	0	0	0
金牛项链(道)	640	9	12	16	21	640	9	12	16	21	-1	30	0	8	-1	0	0	0	0
金牛护腕(战)	640	9	15	15	21	640	9	15	15	21	-1	30	0	8	-1	0	0	0	0
金牛护腕(法)	640	9	15	15	21	640	9	15	15	21	-1	30	0	8	-1	0	0	0	0
金牛护腕(道)	640	9	15	15	21	640	9	15	15	21	-1	30	0	8	-1	0	0	0	0
金牛战戒	640	9	16	16	21	640	9	16	16	21	-1	30	0	8	-1	0	0	0	0
金牛魔戒	640	9	16	16	21	640	9	16	16	21	-1	30	0	8	-1	0	0	0	0
金牛道戒	640	9	16	16	21	640	9	16	16	21	-1	30	0	8	-1	0	0	0	0
天龙圣衣(男)	65535	0	0	0	25	65535	0	0	0	25	1200	30	0	8	-1	0	0	0	0
天龙圣衣(女)	65535	0	0	0	25	65535	0	0	0	25	1800	30	0	8	-1	0	0	0	0
天龙魔衣(男)	65535	0	0	0	25	65535	0	0	0	25	1200	30	0	8	-1	0	0	0	0
天龙魔衣(女)	65535	0	0	0	25	65535	0	0	0	25	1800	30	0	8	-1	0	0	0	0
天龙道袍(男)	65535	0	0	0	25	65535	0	0	0	25	1200	30	0	8	-1	0	0	0	0
天龙道袍(女)	65535	0	0	0	25	65535	0	0	0	25	1800	30	0	8	-1	0	0	0	0
虎威战盔	65535	0	0	0	25	220	32	69	-16	24	-1	30	0	8	-1	0	0	0	0
虎威项链(战)	65535	0	0	0	25	180	32	-8	-8	24	-1	30	0	8	-1	0	0	0	0
虎威勋章(战)	65535	0	0	0	25	340	32	-8	-8	24	-1	30	0	8	-1	0	0	0	0
虎威护腕(战)	65535	0	0	0	25	100	32	-8	-8	24	-1	30	0	8	-1	0	0	0	0
虎威战戒	65535	0	0	0	25	140	32	-8	-8	24	-1	30	0	8	-1	0	0	0	0
虎威腰带(战)	65535	0	0	0	25	300	32	-8	-8	24	-1	30	0	8	-1	0	0	0	0
虎威战靴	65535	0	0	0	25	260	32	-8	-8	24	-1	30	0	8	-1	0	0	0	0
虎威魔盔	65535	0	0	0	25	220	32	69	-16	24	-1	30	0	8	-1	0	0	0	0
虎威项链(法)	65535	0	0	0	25	180	32	-8	-8	24	-1	30	0	8	-1	0	0	0	0
虎威勋章(法)	65535	0	0	0	25	340	32	-8	-8	24	-1	30	0	8	-1	0	0	0	0
虎威护腕(法)	65535	0	0	0	25	100	32	-8	-8	24	-1	30	0	8	-1	0	0	0	0
虎威魔戒	65535	0	0	0	25	140	32	-8	-8	24	-1	30	0	8	-1	0	0	0	0
虎威腰带(法)	65535	0	0	0	25	300	32	-8	-8	24	-1	30	0	8	-1	0	0	0	0
虎威魔靴	65535	0	0	0	25	260	32	-8	-8	24	-1	30	0	8	-1	0	0	0	0
虎威道盔	65535	0	0	0	25	220	32	69	-16	24	-1	30	0	8	-1	0	0	0	0
虎威项链(道)	65535	0	0	0	25	180	32	-8	-8	24	-1	30	0	8	-1	0	0	0	0
虎威勋章(道)	65535	0	0	0	25	340	32	-8	-8	24	-1	30	0	8	-1	0	0	0	0
虎威护腕(道)	65535	0	0	0	25	100	32	-8	-8	24	-1	30	0	8	-1	0	0	0	0
虎威道戒	65535	0	0	0	25	140	32	-8	-8	24	-1	30	0	8	-1	0	0	0	0
虎威腰带(道)	65535	0	0	0	25	300	32	-8	-8	24	-1	30	0	8	-1	0	0	0	0
虎威道靴	65535	0	0	0	25	260	32	-8	-8	24	-1	30	0	8	-1	0	0	0	0
倚天	65535	0	0	0	25	1890	10	0	0	25	1200	31	0	8	-1	0	0	0	0
倚天战甲(男)	65535	0	0	0	25	65535	0	0	0	25	2400	31	0	8	-1	0	0	0	0
倚天战甲(女)	65535	0	0	0	25	65535	0	0	0	25	3000	31	0	8	-1	0	0	0	0
倚天魔衣(男)	65535	0	0	0	25	65535	0	0	0	25	2400	31	0	8	-1	0	0	0	0
倚天魔衣(女)	65535	0	0	0	25	65535	0	0	0	25	3000	31	0	8	-1	0	0	0	0
倚天道袍(男)	65535	0	0	0	25	65535	0	0	0	25	2400	31	0	8	-1	0	0	0	0
倚天道袍(女)	65535	0	0	0	25	65535	0	0	0	25	3000	31	0	8	-1	0	0	0	0
辉煌战甲(男)	65535	0	0	0	25	65535	0	0	0	25	3600	31	0	8	-1	0	0	0	0
辉煌战甲(女)	65535	0	0	0	25	65535	0	0	0	25	4200	31	0	8	-1	0	0	0	0
辉煌道袍(男)	65535	0	0	0	25	65535	0	0	0	25	3600	31	0	8	-1	0	0	0	0
辉煌道袍(女)	65535	0	0	0	25	65535	0	0	0	25	4200	31	0	8	-1	0	0	0	0
辉煌魔衣(男)	65535	0	0	0	25	65535	0	0	0	25	3600	31	0	8	-1	0	0	0	0
辉煌魔衣(女)	65535	0	0	0	25	65535	0	0	0	25	4200	31	0	8	-1	0	0	0	0
主宰神剑	65535	0	0	0	25	2427	1	0	0	25	6000	31	0	8	-1	0	0	0	0
主宰神甲(男)	65535	0	0	0	255	2425	1	0	0	25	4800	31	0	8	-1	0	0	0	0
主宰神甲(女)	65535	0	0	0	255	2426	1	0	0	25	5400	31	0	8	-1	0	0	0	0
主宰项链	65535	0	0	0	25	550	10	-4	-4	29	-1	30	0	8	-1	0	0	0	0
主宰勋章	65535	0	0	0	25	590	10	-4	-4	29	-1	30	0	8	-1	0	0	0	0
主宰护腕	65535	0	0	0	25	540	10	-4	-4	29	-1	30	0	8	-1	0	0	0	0
主宰之戒	65535	0	0	0	25	530	10	-4	-4	29	-1	30	0	8	-1	0	0	0	0
主宰腰带	65535	0	0	0	25	570	10	-4	-4	29	-1	30	0	8	-1	0	0	0	0
主宰之靴	65535	0	0	0	29	560	10	-4	-4	29	-1	30	0	8	-1	0	0	0	0
天龙印	65535	0	0	0	25	2650	15	-10	-14	25	-1	30	0	8	-1	0	0	0	0
火龙印	65535	0	0	0	25	2630	15	-8	-14	25	-1	30	0	8	-1	0	0	0	0
高级火龙印	65535	0	0	0	25	2630	15	-8	-14	25	-1	30	0	8	-1	0	0	0	0
极品火龙印	65535	0	0	0	25	2630	15	-8	-14	25	-1	30	0	8	-1	0	0	0	0
人之极品火龙印	65535	0	0	0	25	2630	15	-8	-14	25	-1	30	0	8	-1	0	0	0	0
地之极品火龙印	65535	0	0	0	25	2630	15	-8	-14	25	-1	30	0	8	-1	0	0	0	0
天之极品火龙印	65535	0	0	0	25	2630	15	-8	-14	25	-1	30	0	8	-1	0	0	0	0
1级王者印	65535	0	0	0	25	2630	15	-8	-14	25	-1	30	0	8	-1	0	0	0	0
2级王者印	65535	0	0	0	25	2630	15	-8	-14	25	-1	30	0	8	-1	0	0	0	0
3级王者印	65535	0	0	0	25	2630	15	-8	-14	25	-1	30	0	8	-1	0	0	0	0
4级王者印	65535	0	0	0	25	2630	15	-8	-14	25	-1	30	0	8	-1	0	0	0	0
5级王者印	65535	0	0	0	25	2630	15	-8	-14	25	-1	30	0	8	-1	0	0	0	0
天外飞仙	65535	0	0	0	25	2600	20	0	0	25	-1	30	0	8	-1	0	0	0	0
传奇神剑	65535	0	0	0	25	2530	8	0	0	25	8400	31	0	8	-1	0	0	0	0
传奇魔杖	65535	0	0	0	25	2560	10	0	0	25	10800	31	0	8	-1	0	0	0	0
传奇宝扇	65535	0	0	0	25	2550	10	0	0	25	9600	31	0	8	-1	0	0	0	0
传奇神甲(男)	65535	0	0	0	25	2541	1	0	0	25	7200	31	0	8	-1	0	0	0	0
传奇神甲(女)	65535	0	0	0	25	2543	1	0	0	25	7800	31	0	8	-1	0	0	0	0
龙卫之剑	65535	0	0	0	25	2850	16	0	0	25	13200	31	0	8	-1	0	0	0	0
热血战刃	65535	0	0	0	25	3500	14	0	0	25	3600	32	0	8	-1	0	0	0	0
热血战甲(男)	65535	0	0	0	25	65535	0	0	0	25	0	32	0	8	-1	0	0	0	0
热血战甲(女)	65535	0	0	0	25	65535	0	0	0	25	600	32	0	8	-1	0	0	0	0
热血魔杖	65535	0	0	0	25	3520	14	0	0	25	4800	32	0	8	-1	0	0	0	0
热血魔衣(男)	65535	0	0	0	25	65535	0	0	0	25	1200	32	0	8	-1	0	0	0	0
热血魔衣(女)	65535	0	0	0	25	65535	0	0	0	25	1800	32	0	8	-1	0	0	0	0
热血宝扇	65535	0	0	0	25	3480	14	0	0	25	6000	32	0	8	-1	0	0	0	0
热血道袍(男)	65535	0	0	0	25	65535	0	0	0	25	2400	32	0	8	-1	0	0	0	0
热血道袍(女)	65535	0	0	0	25	65535	0	0	0	25	3000	32	0	8	-1	0	0	0	0
热血战盔	3580	26	-22	-22	25	3580	26	53	-35	25	-1	32	0	8	-1	0	0	0	0
热血法冠	3580	26	-22	-22	25	3580	26	53	-35	25	-1	32	0	8	-1	0	0	0	0
热血道盔	3580	26	-22	-22	25	3580	26	53	-35	25	-1	32	0	8	-1	0	0	0	0
热血项链(战)	3580	26	-22	-22	25	3580	26	-22	-22	25	-1	32	0	8	-1	0	0	0	0
热血项链(法)	3580	26	-22	-22	25	3580	26	-22	-22	25	-1	32	0	8	-1	0	0	0	0
热血项链(道)	3580	26	-22	-22	25	3580	26	-22	-22	25	-1	32	0	8	-1	0	0	0	0
热血战勋	3580	26	-22	-22	25	3580	26	-22	-22	25	-1	32	0	8	-1	0	0	0	0
热血法勋	3580	26	-22	-22	25	3580	26	-22	-22	25	-1	32	0	8	-1	0	0	0	0
热血道勋	3580	26	-22	-22	25	3580	26	-22	-22	25	-1	32	0	8	-1	0	0	0	0
热血护腕(战)	3580	26	-22	-22	25	3580	26	-22	-22	25	-1	32	0	8	-1	0	0	0	0
热血护腕(法)	3580	26	-22	-22	25	3580	26	-22	-22	25	-1	32	0	8	-1	0	0	0	0
热血护腕(道)	3580	26	-22	-22	25	3580	26	-22	-22	25	-1	32	0	8	-1	0	0	0	0
热血战戒	3580	26	-22	-22	25	3580	26	-22	-22	25	-1	32	0	8	-1	0	0	0	0
热血魔戒	3580	26	-22	-22	25	3580	26	-22	-22	25	-1	32	0	8	-1	0	0	0	0
热血道戒	3580	26	-22	-22	25	3580	26	-22	-22	25	-1	32	0	8	-1	0	0	0	0
热血腰带(战)	3580	26	-22	-22	25	3580	26	-22	-22	25	-1	32	0	8	-1	0	0	0	0
热血腰带(法)	3580	26	-22	-22	25	3580	26	-22	-22	25	-1	32	0	8	-1	0	0	0	0
热血腰带(道)	3580	26	-22	-22	25	3580	26	-22	-22	25	-1	32	0	8	-1	0	0	0	0
热血战靴	3580	26	-22	-22	25	3580	26	-22	-22	25	-1	32	0	8	-1	0	0	0	0
热血魔靴	3580	26	-22	-22	25	3580	26	-22	-22	25	-1	32	0	8	-1	0	0	0	0
热血道靴	3580	26	-22	-22	25	3580	26	-22	-22	25	-1	32	0	8	-1	0	0	0	0
狂化热血战刃	65535	0	0	0	25	3500	14	0	0	25	3600	32	0	8	-1	0	0	0	0
热血重生甲(男)	65535	0	0	0	25	65535	0	0	0	25	0	32	0	8	-1	0	0	0	0
热血重生甲(女)	65535	0	0	0	25	65535	0	0	0	25	600	32	0	8	-1	0	0	0	0
神铸热血魔杖	65535	0	0	0	25	3520	14	0	0	25	4800	32	0	8	-1	0	0	0	0
热血重生衣(男)	65535	0	0	0	25	65535	0	0	0	25	1200	32	0	8	-1	0	0	0	0
热血重生衣(女)	65535	0	0	0	25	65535	0	0	0	25	1800	32	0	8	-1	0	0	0	0
轮回热血宝扇	65535	0	0	0	25	3480	14	0	0	25	6000	32	0	8	-1	0	0	0	0
热血重生袍(男)	65535	0	0	0	25	65535	0	0	0	25	2400	32	0	8	-1	0	0	0	0
热血重生袍(女)	65535	0	0	0	25	65535	0	0	0	25	3000	32	0	8	-1	0	0	0	0
麻痹戒指	2010	20	-35	-36	24	2010	20	-33	-36	24	-1	31	0	8	-1	0	0	0	0
复活戒指	2010	20	-32	-34	24	2010	20	-30	-34	24	-1	31	0	8	-1	0	0	0	0
护身戒指	2010	20	-33	-39	24	2010	20	-32	-38	24	-1	31	0	8	-1	0	0	0	0
皓天战刃	65535	0	0	0	25	3630	18	0	0	25	8400	32	0	8	-1	0	0	0	0
皓天权杖	65535	0	0	0	25	3650	18	0	0	25	10800	32	0	8	-1	0	0	0	0
皓天宝扇	65535	0	0	0	25	3610	18	0	0	25	9600	32	0	8	-1	0	0	0	0
皓天战甲(男)	65535	0	0	0	25	3550	10	0	0	25	7200	32	0	8	-1	0	0	0	0
皓天战甲(女)	65535	0	0	0	25	3550	10	0	0	25	7800	32	0	8	-1	0	0	0	0
皓天魔衣(男)	65535	0	0	0	25	3550	10	0	0	25	7200	32	0	8	-1	0	0	0	0
皓天魔衣(女)	65535	0	0	0	25	3550	10	0	0	25	7800	32	0	8	-1	0	0	0	0
皓天道袍(男)	65535	0	0	0	25	3550	10	0	0	25	7200	32	0	8	-1	0	0	0	0
皓天道袍(女)	65535	0	0	0	25	3550	10	0	0	25	7800	32	0	8	-1	0	0	0	0
皓天战盔	640	26	16	16	29	640	26	93	5	29	-1	31	0	8	-1	0	0	0	0
皓天法冠	65535	0	0	0	25	3580	26	54	-32	25	-1	30	0	8	-1	0	0	0	0
皓天道盔	65535	0	0	0	25	3580	26	54	-32	25	-1	30	0	8	-1	0	0	0	0
皓天战勋	65535	0	0	0	25	3580	26	-26	-23	25	-1	30	0	8	-1	0	0	0	0
皓天法勋	65535	0	0	0	25	3580	26	-26	-23	25	-1	30	0	8	-1	0	0	0	0
皓天道勋	65535	0	0	0	25	3580	26	-26	-23	25	-1	30	0	8	-1	0	0	0	0
皓天护腕(战)	65535	0	0	0	25	3580	26	-26	-24	25	-1	30	0	8	-1	0	0	0	0
皓天护腕(法)	65535	0	0	0	25	3580	26	-26	-24	25	-1	30	0	8	-1	0	0	0	0
皓天护腕(道)	65535	0	0	0	25	3580	26	-26	-24	25	-1	30	0	8	-1	0	0	0	0
皓天战戒	65535	0	0	0	25	3580	26	-32	-22	25	-1	30	0	8	-1	0	0	0	0
皓天魔戒	65535	0	0	0	25	3580	26	-32	-22	25	-1	30	0	8	-1	0	0	0	0
皓天道戒	65535	0	0	0	25	3580	26	-32	-22	25	-1	30	0	8	-1	0	0	0	0
皓天腰带(战)	65535	0	0	0	25	3580	26	-21	-24	25	-1	30	0	8	-1	0	0	0	0
皓天腰带(法)	65535	0	0	0	25	3580	26	-21	-24	25	-1	30	0	8	-1	0	0	0	0
皓天腰带(道)	65535	0	0	0	25	3580	26	-21	-24	25	-1	30	0	8	-1	0	0	0	0
皓天战靴	65535	0	0	0	25	3580	26	-21	-24	25	-1	30	0	8	-1	0	0	0	0
皓天魔靴	65535	0	0	0	25	3580	26	-21	-24	25	-1	30	0	8	-1	0	0	0	0
皓天道靴	65535	0	0	0	25	3580	26	-21	-24	25	-1	30	0	8	-1	0	0	0	0
皓天项链(战)	65535	0	0	0	25	3580	26	-26	-18	25	-1	30	0	8	-1	0	0	0	0
皓天项链(法)	65535	0	0	0	25	3580	26	-26	-18	25	-1	30	0	8	-1	0	0	0	0
皓天项链(道)	65535	0	0	0	25	3580	26	-26	-18	25	-1	30	0	8	-1	0	0	0	0
皓宇战刃	65535	0	0	0	25	3630	18	0	0	25	8400	32	0	8	-1	0	0	0	0
皓宇权杖	65535	0	0	0	25	3650	18	0	0	25	10800	32	0	8	-1	0	0	0	0
皓宇宝扇	65535	0	0	0	25	3610	18	0	0	25	9600	32	0	8	-1	0	0	0	0
皓宇战甲(男)	65535	0	0	0	25	1230	10	0	0	29	1200	33	0	4	-1	0	0	0	0
皓宇战甲(女)	65535	0	0	0	25	3550	10	0	0	25	7800	32	0	8	-1	0	0	0	0
皓宇魔衣(男)	65535	0	0	0	25	3550	10	0	0	25	7200	32	0	8	-1	0	0	0	0
皓宇魔衣(女)	65535	0	0	0	25	3550	10	0	0	25	7800	32	0	8	-1	0	0	0	0
皓宇道袍(男)	65535	0	0	0	25	3550	10	0	0	25	7200	32	0	8	-1	0	0	0	0
皓宇道袍(女)	65535	0	0	0	25	3550	10	0	0	25	7800	32	0	8	-1	0	0	0	0
皓宇战盔	65535	0	0	0	25	3580	26	54	-32	25	-1	30	0	8	-1	0	0	0	0
皓宇法冠	65535	0	0	0	25	3580	26	54	-32	25	-1	30	0	8	-1	0	0	0	0
皓宇道盔	65535	0	0	0	25	3580	26	54	-32	25	-1	30	0	8	-1	0	0	0	0
皓宇战勋	65535	0	0	0	25	3580	26	-26	-23	25	-1	30	0	8	-1	0	0	0	0
皓宇法勋	65535	0	0	0	25	3580	26	-26	-23	25	-1	30	0	8	-1	0	0	0	0
皓宇道勋	65535	0	0	0	25	3580	26	-26	-23	25	-1	30	0	8	-1	0	0	0	0
皓宇护腕(战)	65535	0	0	0	25	3580	26	-26	-24	25	-1	30	0	8	-1	0	0	0	0
皓宇护腕(法)	65535	0	0	0	25	3580	26	-26	-24	25	-1	30	0	8	-1	0	0	0	0
皓宇护腕(道)	65535	0	0	0	25	3580	26	-26	-24	25	-1	30	0	8	-1	0	0	0	0
皓宇战戒	65535	0	0	0	25	3580	26	-32	-22	25	-1	30	0	8	-1	0	0	0	0
皓宇魔戒	65535	0	0	0	25	3580	26	-32	-22	25	-1	30	0	8	-1	0	0	0	0
皓宇道戒	65535	0	0	0	25	3580	26	-32	-22	25	-1	30	0	8	-1	0	0	0	0
皓宇腰带(战)	65535	0	0	0	25	3580	26	-21	-24	25	-1	30	0	8	-1	0	0	0	0
皓宇腰带(法)	65535	0	0	0	25	3580	26	-21	-24	25	-1	30	0	8	-1	0	0	0	0
皓宇腰带(道)	65535	0	0	0	25	3580	26	-21	-24	25	-1	30	0	8	-1	0	0	0	0
皓宇战靴	65535	0	0	0	25	3580	26	-21	-24	25	-1	30	0	8	-1	0	0	0	0
皓宇法靴	65535	0	0	0	25	3580	26	-21	-24	25	-1	30	0	8	-1	0	0	0	0
皓宇道靴	65535	0	0	0	25	3580	26	-21	-24	25	-1	30	0	8	-1	0	0	0	0
皓宇项链(战)	65535	0	0	0	25	3580	26	-26	-18	25	-1	30	0	8	-1	0	0	0	0
皓宇项链(法)	65535	0	0	0	25	3580	26	-26	-18	25	-1	30	0	8	-1	0	0	0	0
皓宇项链(道)	65535	0	0	0	25	3580	26	-26	-18	25	-1	30	0	8	-1	0	0	0	0
皓尊战刃	65535	0	0	0	25	920	18	0	0	29	7200	37	0	4	-1	0	0	0	0
皓尊权杖	65535	0	0	0	25	1060	18	0	0	29	8400	37	0	4	-1	0	0	0	0
皓尊宝扇	65535	0	0	0	25	990	18	0	0	29	9600	37	0	4	-1	0	0	0	0
皓尊战甲(男)	65535	0	0	0	25	1260	10	0	0	29	2400	33	0	4	-1	0	0	0	0
皓尊战甲(女)	65535	0	0	0	25	1270	10	0	0	29	3000	33	0	4	-1	0	0	0	0
皓尊魔衣(男)	65535	0	0	0	25	1260	10	0	0	29	2400	33	0	4	-1	0	0	0	0
皓尊魔衣(女)	65535	0	0	0	25	1270	10	0	0	29	3000	33	0	4	-1	0	0	0	0
皓尊道袍(男)	65535	0	0	0	25	1260	10	0	0	29	2400	33	0	4	-1	0	0	0	0
皓尊道袍(女)	65535	0	0	0	25	1270	10	0	0	29	3000	33	0	4	-1	0	0	0	0
皓尊战戒	720	26	16	16	29	720	26	16	16	29	-1	31	0	8	-1	0	0	0	0
皓尊护腕(战)	720	26	16	16	29	720	26	16	16	29	-1	31	0	8	-1	0	0	0	0
皓尊战盔	720	26	16	16	29	720	26	93	5	29	-1	31	0	8	-1	0	0	0	0
皓尊项链(战)	720	26	16	16	29	720	26	16	16	29	-1	31	0	8	-1	0	0	0	0
皓尊腰带(战)	720	26	16	16	29	720	26	16	16	29	-1	31	0	8	-1	0	0	0	0
皓尊战靴	720	26	16	16	29	720	26	16	16	29	-1	31	0	8	-1	0	0	0	0
皓尊战勋	720	26	16	16	29	720	26	16	16	29	-1	31	0	8	-1	0	0	0	0
皓尊魔戒	720	26	16	16	29	720	26	16	16	29	-1	31	0	8	-1	0	0	0	0
皓尊护腕(法)	720	26	16	16	29	720	26	16	16	29	-1	31	0	8	-1	0	0	0	0
皓尊法冠	720	26	16	16	29	720	26	93	5	29	-1	31	0	8	-1	0	0	0	0
皓尊项链(法)	720	26	16	16	29	720	26	16	16	29	-1	31	0	8	-1	0	0	0	0
皓尊腰带(法)	720	26	16	16	29	720	26	16	16	29	-1	31	0	8	-1	0	0	0	0
皓尊魔靴	720	26	16	16	29	720	26	16	16	29	-1	31	0	8	-1	0	0	0	0
皓尊法勋	720	26	16	16	29	720	26	16	16	29	-1	31	0	8	-1	0	0	0	0
皓尊道戒	720	26	16	16	29	720	26	16	16	29	-1	31	0	8	-1	0	0	0	0
皓尊护腕(道)	720	26	16	16	29	720	26	16	16	29	-1	31	0	8	-1	0	0	0	0
皓尊道盔	720	26	16	16	29	720	26	93	5	29	-1	31	0	8	-1	0	0	0	0
皓尊项链(道)	720	26	16	16	29	720	26	16	16	29	-1	31	0	8	-1	0	0	0	0
皓尊腰带(道)	720	26	16	16	29	720	26	16	16	29	-1	31	0	8	-1	0	0	0	0
皓尊道靴	720	26	16	16	29	720	26	16	16	29	-1	31	0	8	-1	0	0	0	0
皓尊道勋	720	26	16	16	29	720	26	16	16	29	-1	31	0	8	-1	0	0	0	0
神龙战甲(男)	0	0	0	0	25	3800	8	0	0	25	13200	32	0	8	-1	0	0	0	0
神龙战甲(女)	0	0	0	0	25	3800	8	0	0	25	13800	32	0	8	-1	0	0	0	0
神龙魔衣(男)	0	0	0	0	25	3800	8	0	0	25	13200	32	0	8	-1	0	0	0	0
神龙魔衣(女)	0	0	0	0	25	3800	8	0	0	25	13800	32	0	8	-1	0	0	0	0
神龙道袍(男)	0	0	0	0	25	3800	8	0	0	25	13200	32	0	8	-1	0	0	0	0
神龙道袍(女)	0	0	0	0	25	3800	8	0	0	25	13800	32	0	8	-1	0	0	0	0
神龙战刃	0	0	0	0	25	3820	18	0	0	25	14400	32	0	8	-1	0	0	0	0
神龙宝扇	0	0	0	0	25	3840	18	0	0	25	15600	32	0	8	-1	0	0	0	0
神龙权杖	0	0	0	0	25	3860	18	0	0	25	16800	32	0	8	-1	0	0	0	0
天下第一战甲	0	0	0	0	25	3680	8	0	0	25	12000	32	0	8	-1	0	0	0	0
天下第一战袍	0	0	0	0	25	3690	8	0	0	25	12600	32	0	8	-1	0	0	0	0
天下第一魔甲	0	0	0	0	25	3680	8	0	0	25	12000	32	0	8	-1	0	0	0	0
天下第一魔袍	0	0	0	0	25	3690	8	0	0	25	12600	32	0	8	-1	0	0	0	0
天下第一道甲	0	0	0	0	25	3680	8	0	0	25	12000	32	0	8	-1	0	0	0	0
天下第一道袍	0	0	0	0	25	3690	8	0	0	25	12600	32	0	8	-1	0	0	0	0
主宰印	65535	0	0	0	25	3910	10	0	0	25	-1	30	0	8	-1	0	0	0	0
八级军鼓(法)	65535	0	0	0	25	3910	10	0	0	25	-1	30	0	8	-1	0	0	0	0
八级军鼓(道)	65535	0	0	0	25	3910	10	0	0	25	-1	30	0	8	-1	0	0	0	0
八级军鼓(战)	65535	0	0	0	25	3910	10	0	0	25	-1	30	0	8	-1	0	0	0	0
九级军鼓(战)	720	26	18	18	29	720	26	18	18	29	-1	32	1	8	-1	0	0	0	0
九级军鼓(法)	720	26	18	18	29	720	26	18	18	29	-1	32	1	8	-1	0	0	0	0
九级军鼓(道)	720	26	18	18	29	720	26	18	18	29	-1	32	1	8	-1	0	0	0	0
十级军鼓(战)	720	26	18	18	29	720	26	18	18	29	-1	32	1	8	-1	0	0	0	0
十级军鼓(法)	720	26	18	18	29	720	26	18	18	29	-1	32	1	8	-1	0	0	0	0
十级军鼓(道)	720	26	18	18	29	720	26	18	18	29	-1	32	1	8	-1	0	0	0	0
皓月印(战)	720	26	18	18	29	720	26	18	18	29	-1	32	1	8	-1	0	0	0	0
皓月印(法)	720	26	18	18	29	720	26	18	18	29	-1	32	1	8	-1	0	0	0	0
皓月印(道)	720	26	18	18	29	720	26	18	18	29	-1	32	1	8	-1	0	0	0	0
神龙印(战)	720	26	18	18	29	720	26	18	18	29	-1	32	1	8	-1	0	0	0	0
神龙印(法)	720	26	18	18	29	720	26	18	18	29	-1	32	1	8	-1	0	0	0	0
神龙印(道)	720	26	18	18	29	720	26	18	18	29	-1	32	1	8	-1	0	0	0	0
极品主宰神剑	65535	0	0	0	25	2427	1	0	0	25	6000	31	0	8	-1	0	0	0	0
极品主宰甲(男)	65535	0	0	0	21	2425	1	0	0	25	4800	31	0	8	-1	0	0	0	0
极品主宰甲(女)	65535	0	0	0	255	2426	1	0	0	25	5400	31	0	8	-1	0	0	0	0
极品主宰项链	65535	0	0	0	25	550	10	-4	-4	29	-1	30	0	8	-1	0	0	0	0
极品主宰勋章	65535	0	0	0	25	590	10	-4	-4	29	-1	30	0	8	-1	0	0	0	0
极品主宰护腕	65535	0	0	0	25	540	10	-4	-4	29	-1	30	0	8	-1	0	0	0	0
极品主宰之戒	65535	0	0	0	25	530	10	-4	-4	29	-1	30	0	8	-1	0	0	0	0
极品主宰腰带	65535	0	0	0	25	570	10	-4	-4	29	-1	30	0	8	-1	0	0	0	0
极品主宰之靴	65535	0	0	0	29	560	10	-4	-4	29	-1	30	0	8	-1	0	0	0	0
极品传奇神剑	65535	0	0	0	25	2530	8	0	0	25	8400	31	0	8	-1	0	0	0	0
极品传奇魔杖	65535	0	0	0	25	2560	10	0	0	25	10800	31	0	8	-1	0	0	0	0
极品传奇宝扇	65535	0	0	0	25	2550	10	0	0	25	9600	31	0	8	-1	0	0	0	0
极品传奇甲(男)	0	0	10	10	21	2541	1	0	0	25	7200	31	0	8	-1	0	0	0	0
极品传奇甲(女)	0	0	10	10	21	2543	1	0	0	25	7800	31	0	8	-1	0	0	0	0
顶级传奇神剑	65535	0	0	0	25	2530	8	0	0	25	8400	31	0	8	-1	0	0	0	0
顶级传奇魔杖	65535	0	0	0	25	2560	10	0	0	25	10800	31	0	8	-1	0	0	0	0
顶级传奇宝扇	65535	0	0	0	25	2550	10	0	0	25	9600	31	0	8	-1	0	0	0	0
顶级传奇甲(男)	65535	0	0	0	25	2541	1	0	0	25	7200	31	0	8	-1	0	0	0	0
顶级传奇甲(女)	65535	0	0	0	25	2543	1	0	0	25	7800	31	0	8	-1	0	0	0	0
真龙战甲(男)	0	0	0	0	25	3800	8	0	0	25	13200	32	0	8	-1	0	0	0	0
真龙战甲(女)	0	0	0	0	25	3800	8	0	0	25	13800	32	0	8	-1	0	0	0	0
真龙魔衣(男)	0	0	0	0	25	3800	8	0	0	25	13200	32	0	8	-1	0	0	0	0
真龙魔衣(女)	0	0	0	0	25	3800	8	0	0	25	13800	32	0	8	-1	0	0	0	0
真龙道袍(男)	0	0	0	0	25	3800	8	0	0	25	13200	32	0	8	-1	0	0	0	0
真龙道袍(女)	0	0	0	0	25	3800	8	0	0	25	13800	32	0	8	-1	0	0	0	0
真龙战刃	0	0	0	0	25	3820	18	0	0	25	14400	32	0	8	-1	0	0	0	0
真龙宝扇	0	0	0	0	25	3840	18	0	0	25	15600	32	0	8	-1	0	0	0	0
真龙权杖	0	0	0	0	25	3860	18	0	0	25	16800	32	0	8	-1	0	0	0	0
真龙项链(战)	720	26	18	18	29	720	26	18	18	29	-1	32	1	8	-1	0	0	0	0
真龙项链(法)	720	26	18	18	29	720	26	18	18	29	-1	32	1	8	-1	0	0	0	0
真龙项链(道)	720	26	18	18	29	720	26	18	18	29	-1	32	1	8	-1	0	0	0	0
真龙战盔	3580	26	-20	-20	25	3580	26	53	-35	25	-1	32	1	8	-1	0	0	0	0
真龙法冠	3580	26	-20	-20	25	3580	26	53	-35	25	-1	32	1	8	-1	0	0	0	0
真龙道盔	3580	26	-20	-20	25	3580	26	53	-35	25	-1	32	1	8	-1	0	0	0	0
真龙战勋	720	26	18	18	29	720	26	18	18	29	-1	32	1	8	-1	0	0	0	0
真龙法勋	720	26	18	18	29	720	26	18	18	29	-1	32	1	8	-1	0	0	0	0
真龙道勋	720	26	18	18	29	720	26	18	18	29	-1	32	1	8	-1	0	0	0	0
真龙护腕(战)	720	26	18	18	29	720	26	18	18	29	-1	32	1	8	-1	0	0	0	0
真龙护腕(法)	720	26	18	18	29	720	26	18	18	29	-1	32	1	8	-1	0	0	0	0
真龙护腕(道)	720	26	18	18	29	720	26	18	18	29	-1	32	1	8	-1	0	0	0	0
真龙战戒	720	26	18	18	29	720	26	18	18	29	-1	32	1	8	-1	0	0	0	0
真龙魔戒	720	26	18	18	29	720	26	18	18	29	-1	32	1	8	-1	0	0	0	0
真龙道戒	720	26	18	18	29	720	26	18	18	29	-1	32	1	8	-1	0	0	0	0
真龙腰带(战)	720	26	18	18	29	720	26	18	18	29	-1	32	1	8	-1	0	0	0	0
真龙腰带(法)	720	26	18	18	29	720	26	18	18	29	-1	32	1	8	-1	0	0	0	0
真龙腰带(道)	720	26	18	18	29	720	26	18	18	29	-1	32	1	8	-1	0	0	0	0
真龙战靴	720	26	18	18	29	720	26	18	18	29	-1	32	1	8	-1	0	0	0	0
真龙魔靴	720	26	18	18	29	720	26	18	18	29	-1	32	1	8	-1	0	0	0	0
真龙道靴	720	26	18	18	29	720	26	18	18	29	-1	32	1	8	-1	0	0	0	0
金蛇之冠	3580	26	-20	-20	25	3580	26	53	-35	25	-1	32	1	8	-1	0	0	0	0
金蛇项链	720	26	18	18	29	720	26	18	18	29	-1	32	1	8	-1	0	0	0	0
金蛇勋章	720	26	18	18	29	720	26	18	18	29	-1	32	1	8	-1	0	0	0	0
金蛇护腕	720	26	18	18	29	720	26	18	18	29	-1	32	1	8	-1	0	0	0	0
金蛇之戒	720	26	18	18	29	720	26	18	18	29	-1	32	1	8	-1	0	0	0	0
金蛇腰带	720	26	18	18	29	720	26	18	18	29	-1	32	1	8	-1	0	0	0	0
金蛇之靴	720	26	18	18	29	720	26	18	18	29	-1	32	1	8	-1	0	0	0	0
灵蛇战刃	0	0	0	0	27	1350	12	0	0	29	0	38	1	4	-1	0	0	0	0
灵蛇权杖	0	0	0	0	27	1430	12	0	0	29	1200	38	1	4	-1	0	0	0	0
灵蛇宝扇	0	0	0	0	27	1390	12	5	10	29	2400	38	1	4	-1	0	0	0	0
灵蛇战甲(男)	0	0	0	0	27	1310	12	0	0	29	1200	34	1	4	-1	0	0	0	0
灵蛇战甲(女)	0	0	0	0	27	1310	12	0	0	29	1800	34	1	4	-1	0	0	0	0
灵蛇魔衣(男)	0	0	0	0	27	1310	12	0	0	29	1200	34	1	4	-1	0	0	0	0
灵蛇魔衣(女)	0	0	0	0	27	1310	12	0	0	29	1800	34	1	4	-1	0	0	0	0
灵蛇道袍(男)	0	0	0	0	27	1310	12	0	0	29	1200	34	1	4	-1	0	0	0	0
灵蛇道袍(女)	0	0	0	0	27	1310	12	0	0	29	1800	34	1	4	-1	0	0	0	0
灵蛇战戒	1890	20	-33	-35	24	1890	20	-31	-36	24	-1	30	0	8	-1	0	0	0	0
灵蛇护腕(战)	1890	20	-33	-35	24	1890	20	-31	-36	24	-1	30	0	8	-1	0	0	0	0
灵蛇腰带(战)	1890	20	-33	-35	24	1890	20	-31	-36	24	-1	30	0	8	-1	0	0	0	0
灵蛇战靴	1890	20	-33	-35	24	1890	20	-31	-36	24	-1	30	0	8	-1	0	0	0	0
灵蛇项链(战)	1890	20	-33	-35	24	1890	20	-31	-36	24	-1	30	0	8	-1	0	0	0	0
灵蛇战勋	1890	20	-33	-35	24	1890	20	-31	-36	24	-1	30	0	8	-1	0	0	0	0
灵蛇战盔	1890	20	-33	-35	24	1890	20	43	-45	24	-1	30	0	8	-1	0	0	0	0
灵蛇魔戒	1890	20	-33	-35	24	1890	20	-31	-36	24	-1	30	0	8	-1	0	0	0	0
灵蛇护腕(法)	1890	20	-33	-35	24	1890	20	-31	-36	24	-1	30	0	8	-1	0	0	0	0
灵蛇腰带(法)	1890	20	-33	-35	24	1890	20	-31	-36	24	-1	30	0	8	-1	0	0	0	0
灵蛇魔靴	1890	20	-33	-35	24	1890	20	-31	-36	24	-1	30	0	8	-1	0	0	0	0
灵蛇项链(法)	1890	20	-33	-35	24	1890	20	-31	-36	24	-1	30	0	8	-1	0	0	0	0
灵蛇法勋	1890	20	-33	-35	24	1890	20	-31	-36	24	-1	30	0	8	-1	0	0	0	0
灵蛇魔盔	1890	20	-33	-35	24	1890	20	43	-45	24	-1	30	0	8	-1	0	0	0	0
灵蛇道戒	1890	20	-33	-35	24	1890	20	-31	-36	24	-1	30	0	8	-1	0	0	0	0
灵蛇护腕(道)	1890	20	-33	-35	24	1890	20	-31	-36	24	-1	30	0	8	-1	0	0	0	0
灵蛇腰带(道)	1890	20	-33	-35	24	1890	20	-31	-36	24	-1	30	0	8	-1	0	0	0	0
灵蛇道靴	1890	20	-33	-35	24	1890	20	-31	-36	24	-1	30	0	8	-1	0	0	0	0
灵蛇项链(道)	1890	20	-33	-35	24	1890	20	-31	-36	24	-1	30	0	8	-1	0	0	0	0
灵蛇道勋	1890	20	-33	-35	24	1890	20	-31	-36	24	-1	30	0	8	-1	0	0	0	0
灵蛇道盔	1890	20	-33	-35	24	1890	20	43	-45	24	-1	30	0	8	-1	0	0	0	0
神蛇战刃	0	0	0	0	27	1370	12	0	0	29	3600	38	1	4	-1	0	0	0	0
神蛇权杖	0	0	0	0	27	1450	10	77	55	29	4800	38	1	4	-1	0	0	0	0
神蛇宝扇	0	0	0	0	27	1410	12	0	10	29	6000	38	1	4	-1	0	0	0	0
神蛇战甲(男)	0	0	0	0	27	1330	12	0	0	29	2400	34	1	4	-1	0	0	0	0
神蛇战甲(女)	0	0	0	0	27	1330	12	0	0	29	3000	34	1	4	-1	0	0	0	0
神蛇魔衣(男)	0	0	0	0	27	1330	12	0	0	29	2400	34	1	4	-1	0	0	0	0
神蛇魔衣(女)	0	0	0	0	27	1330	12	0	0	29	3000	34	1	4	-1	0	0	0	0
神蛇道袍(男)	0	0	0	0	27	1330	12	0	0	29	2400	34	1	4	-1	0	0	0	0
神蛇道袍(女)	0	0	0	0	27	1330	12	0	0	29	3000	34	1	4	-1	0	0	0	0
神蛇项链(战)	720	26	15	14	29	720	26	16	14	29	-1	31	0	8	-1	0	0	0	0
神蛇项链(法)	720	26	15	14	29	720	26	16	14	29	-1	31	0	8	-1	0	0	0	0
神蛇项链(道)	720	26	15	14	29	720	26	16	14	29	-1	31	0	8	-1	0	0	0	0
神蛇护腕(战)	720	26	15	16	29	720	26	16	16	29	-1	31	0	8	-1	0	0	0	0
神蛇护腕(法)	720	26	15	16	29	720	26	16	16	29	-1	31	0	8	-1	0	0	0	0
神蛇护腕(道)	720	26	15	16	29	720	26	16	16	29	-1	31	0	8	-1	0	0	0	0
神蛇战戒	720	26	16	15	29	720	26	17	15	29	-1	31	0	8	-1	0	0	0	0
神蛇魔戒	720	26	16	15	29	720	26	17	15	29	-1	31	0	8	-1	0	0	0	0
神蛇道戒	720	26	16	15	29	720	26	17	15	29	-1	31	0	8	-1	0	0	0	0
神蛇战盔	720	26	15	20	29	720	26	94	0	29	-1	31	0	8	-1	0	0	0	0
神蛇法冠	720	26	15	20	29	720	26	94	0	29	-1	31	0	8	-1	0	0	0	0
神蛇道盔	720	26	15	20	29	720	26	94	0	29	-1	31	0	8	-1	0	0	0	0
神蛇腰带(战)	720	26	15	15	29	720	26	16	15	29	-1	31	0	8	-1	0	0	0	0
神蛇腰带(法)	720	26	15	15	29	720	26	16	15	29	-1	31	0	8	-1	0	0	0	0
神蛇腰带(道)	720	26	15	15	29	720	26	16	15	29	-1	31	0	8	-1	0	0	0	0
神蛇战靴	720	26	15	15	29	720	26	16	15	29	-1	31	0	8	-1	0	0	0	0
神蛇魔靴	720	26	15	15	29	720	26	16	15	29	-1	31	0	8	-1	0	0	0	0
神蛇道靴	720	26	15	15	29	720	26	16	15	29	-1	31	0	8	-1	0	0	0	0
神蛇战勋	720	26	15	13	29	720	26	16	13	29	-1	31	0	8	-1	0	0	0	0
神蛇法勋	720	26	15	13	29	720	26	16	13	29	-1	31	0	8	-1	0	0	0	0
神蛇道勋	720	26	15	13	29	720	26	16	13	29	-1	31	0	8	-1	0	0	0	0
神蛇重生甲(男)	0	0	0	0	27	1330	12	0	0	29	2400	34	1	4	-1	0	0	0	0
神蛇重生甲(女)	0	0	0	0	27	1330	12	0	0	29	3000	34	1	4	-1	0	0	0	0
神蛇重生衣(男)	0	0	0	0	27	1330	12	0	0	29	2400	34	1	4	-1	0	0	0	0
神蛇重生衣(女)	0	0	0	0	27	1330	12	0	0	29	3000	34	1	4	-1	0	0	0	0
神蛇重生袍(男)	0	0	0	0	27	1330	12	0	0	29	2400	34	1	4	-1	0	0	0	0
神蛇重生袍(女)	0	0	0	0	27	1330	12	0	0	29	3000	34	1	4	-1	0	0	0	0
雄霸天下战甲	0	0	0	0	29	0	0	0	0	29	8400	33	0	4	-1	0	0	0	0
雄霸天下战袍	0	0	0	0	29	0	0	0	0	29	9000	33	0	4	-1	0	0	0	0
传奇剑寒芒外形	0	0	0	0	25	760	8	0	0	29	10800	37	0	8	-1	0	0	0	0
传奇剑落星外形	0	0	0	0	25	770	8	0	0	29	14400	37	0	8	-1	0	0	0	0
传奇剑天成外形	0	0	0	0	25	780	8	0	0	29	18000	37	0	8	-1	0	0	0	0
传奇扇寒芒外形	0	0	0	0	25	800	10	0	0	29	12000	37	0	8	-1	0	0	0	0
传奇扇落星外形	0	0	0	0	25	810	10	0	0	29	15600	37	0	4	-1	0	0	0	0
传奇扇天成外形	0	0	0	0	25	820	10	0	0	29	19200	37	0	4	-1	0	0	0	0
传奇杖寒芒外形	0	0	0	0	25	840	10	0	0	29	13200	37	0	8	-1	0	0	0	0
传奇杖落星外形	0	0	0	0	25	850	10	0	0	29	16800	37	0	8	-1	0	0	0	0
传奇杖天成外形	0	0	0	0	25	860	10	0	0	29	20400	37	0	8	-1	0	0	0	0
皓月剑寒芒外形	0	0	0	0	25	880	18	0	0	29	0	37	0	8	-1	0	0	0	0
皓月剑落星外形	0	0	0	0	25	900	18	0	0	29	3600	37	0	8	-1	0	0	0	0
皓月剑天成外形	0	0	0	0	25	920	18	0	0	29	7200	37	0	8	-1	0	0	0	0
皓月杖寒芒外形	0	0	0	0	25	1020	18	0	0	29	1200	37	0	8	-1	0	0	0	0
皓月杖落星外形	0	0	0	0	25	1040	18	0	0	29	4800	37	0	8	-1	0	0	0	0
皓月杖天成外形	0	0	0	0	25	1060	18	0	0	29	8400	37	0	8	-1	0	0	0	0
皓月扇寒芒外形	0	0	0	0	25	950	18	0	0	29	2400	37	0	8	-1	0	0	0	0
皓月扇落星外形	0	0	0	0	25	970	18	0	0	29	6000	37	0	8	-1	0	0	0	0
皓月扇天成外形	0	0	0	0	25	990	18	0	0	29	9600	37	0	8	-1	0	0	0	0
神龙剑落星外形	0	0	0	0	25	1090	10	0	0	29	21600	37	0	8	-1	0	0	0	0
神龙剑天成外形	0	0	0	0	25	1100	10	0	0	29	25200	37	0	8	-1	0	0	0	0
神龙杖落星外形	0	0	0	0	25	1170	10	0	0	29	22800	37	0	8	-1	0	0	0	0
神龙杖天成外形	0	0	0	0	25	1180	10	0	0	29	26400	37	0	8	-1	0	0	0	0
神龙扇落星外形	0	0	0	0	25	1120	11	0	0	29	24000	37	0	8	-1	0	0	0	0
神龙扇天成外形	0	0	0	0	25	1140	11	0	0	29	27600	37	0	8	-1	0	0	0	0
至尊热血战刃	65535	0	0	0	25	3500	14	0	0	25	3600	32	0	8	-1	0	0	0	0
至尊热血甲(男)	65535	0	0	0	25	65535	0	0	0	25	0	32	0	8	-1	0	0	0	0
至尊热血甲(女)	65535	0	0	0	25	65535	0	0	0	25	600	32	0	8	-1	0	0	0	0
至尊热血魔杖	65535	0	0	0	25	3520	14	0	0	25	4800	32	0	8	-1	0	0	0	0
至尊热血衣(男)	65535	0	0	0	25	65535	0	0	0	25	1200	32	0	8	-1	0	0	0	0
至尊热血衣(女)	65535	0	0	0	25	65535	0	0	0	25	1800	32	0	8	-1	0	0	0	0
至尊热血宝扇	65535	0	0	0	25	3480	14	0	0	25	6000	32	0	8	-1	0	0	0	0
至尊热血袍(男)	65535	0	0	0	25	65535	0	0	0	25	2400	32	0	8	-1	0	0	0	0
至尊热血袍(女)	65535	0	0	0	25	65535	0	0	0	25	3000	32	0	8	-1	0	0	0	0
至尊热血战盔	3580	26	-22	-22	25	3580	26	53	-35	25	-1	32	0	8	-1	0	0	0	0
至尊热血法冠	3580	26	-22	-22	25	3580	26	53	-35	25	-1	32	0	8	-1	0	0	0	0
至尊热血道盔	3580	26	-22	-22	25	3580	26	53	-35	25	-1	32	0	8	-1	0	0	0	0
至尊热血战链	3580	26	-22	-22	25	3580	26	-22	-22	25	-1	32	0	8	-1	0	0	0	0
至尊热血法链	3580	26	-22	-22	25	3580	26	-22	-22	25	-1	32	0	8	-1	0	0	0	0
至尊热血道链	3580	26	-22	-22	25	3580	26	-22	-22	25	-1	32	0	8	-1	0	0	0	0
至尊热血战勋	3580	26	-22	-22	25	3580	26	-22	-22	25	-1	32	0	8	-1	0	0	0	0
至尊热血法勋	3580	26	-22	-22	25	3580	26	-22	-22	25	-1	32	0	8	-1	0	0	0	0
至尊热血道勋	3580	26	-22	-22	25	3580	26	-22	-22	25	-1	32	0	8	-1	0	0	0	0
至尊热血战腕	3580	26	-22	-22	25	3580	26	-22	-22	25	-1	32	0	8	-1	0	0	0	0
至尊热血法腕	3580	26	-22	-22	25	3580	26	-22	-22	25	-1	32	0	8	-1	0	0	0	0
至尊热血道腕	3580	26	-22	-22	25	3580	26	-22	-22	25	-1	32	0	8	-1	0	0	0	0
至尊热血战戒	3580	26	-22	-22	25	3580	26	-22	-22	25	-1	32	0	8	-1	0	0	0	0
至尊热血魔戒	3580	26	-22	-22	25	3580	26	-22	-22	25	-1	32	0	8	-1	0	0	0	0
至尊热血道戒	3580	26	-22	-22	25	3580	26	-22	-22	25	-1	32	0	8	-1	0	0	0	0
至尊热血战腰带	3580	26	-22	-22	25	3580	26	-22	-22	25	-1	32	0	8	-1	0	0	0	0
至尊热血法腰带	3580	26	-22	-22	25	3580	26	-22	-22	25	-1	32	0	8	-1	0	0	0	0
至尊热血道腰带	3580	26	-22	-22	25	3580	26	-22	-22	25	-1	32	0	8	-1	0	0	0	0
至尊热血战靴	3580	26	-22	-22	25	3580	26	-22	-22	25	-1	32	0	8	-1	0	0	0	0
至尊热血魔靴	3580	26	-22	-22	25	3580	26	-22	-22	25	-1	32	0	8	-1	0	0	0	0
至尊热血道靴	3580	26	-22	-22	25	3580	26	-22	-22	25	-1	32	0	8	-1	0	0	0	0
邪眼神蛇战戒	720	26	16	15	29	720	26	17	15	29	-1	31	0	8	-1	0	0	0	0
邪眼神蛇战勋	720	26	15	13	29	720	26	16	13	29	-1	31	0	8	-1	0	0	0	0
邪眼神蛇法勋	720	26	15	13	29	720	26	16	13	29	-1	31	0	8	-1	0	0	0	0
邪眼神蛇道勋	720	26	15	13	29	720	26	16	13	29	-1	31	0	8	-1	0	0	0	0
光辉战刃	0	0	0	0	21	2050	11	-68	-160	29	15600	40	0	8	-1	0	0	0	0
光辉权杖	0	0	0	0	21	2010	12	-68	-160	29	18000	40	0	4	-1	0	0	0	0
光辉宝扇	0	0	0	0	21	1930	12	-83	-195	29	20400	40	0	8	-1	0	0	0	0
光耀战刃	0	0	0	0	21	2030	12	-70	-156	29	20400	40	0	8	-1	0	0	0	0
光耀权杖	0	0	0	0	21	1990	12	-70	-156	29	16800	40	0	8	-1	0	0	0	0
光耀宝扇	0	0	0	0	21	1910	12	-85	-195	29	19200	40	0	8	-1	0	0	0	0
灵马战斧	0	0	0	0	21	2070	20	80	25	29	1200	39	0	8	-1	0	0	0	0
天马战斧	0	0	0	0	21	2090	20	85	50	29	2400	39	0	8	-1	0	0	0	0
灵马权杖	0	0	0	0	21	2110	10	0	0	29	4800	39	0	8	-1	0	0	0	0
天马权杖	0	0	0	0	21	2120	10	56	0	29	6000	39	0	8	-1	0	0	0	0
灵马道剑	0	0	0	0	21	2130	10	80	40	29	8400	39	0	8	-1	0	0	0	0
天马道剑	0	0	0	0	21	2150	14	85	45	29	9600	39	0	8	-1	0	0	0	0
天马战甲(男)	0	0	0	0	21	2230	15	80	25	29	0	35	0	4	-1	0	0	0	0
天马战甲(女)	0	0	0	0	21	2230	15	80	25	29	0	35	0	4	-1	0	0	0	0
天马魔衣(男)	0	0	0	0	21	2230	15	80	25	29	0	35	0	4	-1	0	0	0	0
天马魔衣(女)	0	0	0	0	21	2230	15	80	25	29	0	35	0	4	-1	0	0	0	0
天马道袍(男)	0	0	0	0	21	2230	15	80	25	29	0	35	0	4	-1	0	0	0	0
天马道袍(女)	0	0	0	0	21	2230	15	80	25	29	0	35	0	4	-1	0	0	0	0
灵马战盔	640	9	10	10	21	580	10	72	-14	29	-1	31	0	8	-1	0	0	0	0
灵马项链(战)	640	9	10	10	21	550	10	-4	-4	29	-1	31	0	8	-1	0	0	0	0
灵马护腕(战)	640	9	10	10	21	540	10	-4	-4	29	-1	31	0	8	-1	0	0	0	0
灵马战戒	640	9	10	10	21	530	10	-4	-4	29	-1	31	0	8	-1	0	0	0	0
灵马腰带(战)	640	9	10	10	21	570	10	-4	-4	29	-1	31	0	8	-1	0	0	0	0
灵马战靴	640	9	10	10	21	560	10	-4	-4	29	-1	31	0	8	-1	0	0	0	0
灵马战勋	640	9	10	10	21	590	10	-4	-4	29	-1	31	0	8	-1	0	0	0	0
灵马法冠	640	9	10	10	21	580	10	72	-14	29	-1	31	0	8	-1	0	0	0	0
灵马项链(法)	640	9	10	10	21	550	10	-4	-4	29	-1	31	0	8	-1	0	0	0	0
灵马护腕(法)	640	9	10	10	21	540	10	-4	-4	29	-1	31	0	8	-1	0	0	0	0
灵马魔戒	640	9	10	10	21	530	10	-4	-4	29	-1	31	0	8	-1	0	0	0	0
灵马腰带(法)	640	9	10	10	21	570	10	-4	-4	29	-1	31	0	8	-1	0	0	0	0
灵马法靴	640	9	10	10	21	560	10	-4	-4	29	-1	31	0	8	-1	0	0	0	0
灵马法勋	640	9	10	10	21	590	10	-4	-4	29	-1	31	0	8	-1	0	0	0	0
灵马道盔	640	9	10	10	21	580	10	72	-14	29	-1	31	0	8	-1	0	0	0	0
灵马项链(道)	640	9	10	10	21	550	10	-4	-4	29	-1	31	0	8	-1	0	0	0	0
灵马护腕(道)	640	9	10	10	21	540	10	-4	-4	29	-1	31	0	8	-1	0	0	0	0
灵马道戒	640	9	10	10	21	530	10	-4	-4	29	-1	31	0	8	-1	0	0	0	0
灵马腰带(道)	640	9	10	10	21	570	10	-4	-4	29	-1	31	0	8	-1	0	0	0	0
灵马道靴	640	9	10	10	21	560	10	-4	-4	29	-1	31	0	8	-1	0	0	0	0
灵马道勋	640	9	10	10	21	590	10	-4	-4	29	-1	31	0	8	-1	0	0	0	0
天马战盔	640	9	10	10	21	720	26	95	0	29	-1	31	0	8	-1	0	0	0	0
天马项链(战)	640	9	10	10	21	720	26	20	10	29	-1	31	0	8	-1	0	0	0	0
天马护腕(战)	640	9	10	10	21	720	26	20	10	29	-1	31	0	8	-1	0	0	0	0
天马战戒	640	9	10	10	21	720	26	20	10	29	-1	31	0	8	-1	0	0	0	0
天马腰带(战)	640	9	10	10	21	720	26	20	10	29	-1	31	0	8	-1	0	0	0	0
天马战靴	640	9	10	10	21	720	26	20	10	29	-1	31	0	8	-1	0	0	0	0
天马战勋	640	9	10	10	21	720	26	20	10	29	-1	31	0	8	-1	0	0	0	0
天马法冠	640	9	10	10	21	720	26	95	0	29	-1	31	0	8	-1	0	0	0	0
天马项链(法)	640	9	10	10	21	720	26	20	10	29	-1	31	0	8	-1	0	0	0	0
天马护腕(法)	640	9	10	10	21	720	26	20	10	29	-1	31	0	8	-1	0	0	0	0
天马魔戒	640	9	10	10	21	720	26	20	10	29	-1	31	0	8	-1	0	0	0	0
天马腰带(法)	640	9	10	10	21	720	26	20	10	29	-1	31	0	8	-1	0	0	0	0
天马魔靴	640	9	10	10	21	720	26	20	10	29	-1	31	0	8	-1	0	0	0	0
天马法勋	640	9	10	10	21	720	26	20	10	29	-1	31	0	8	-1	0	0	0	0
天马道盔	640	9	10	10	21	720	26	95	0	29	-1	31	0	8	-1	0	0	0	0
天马项链(道)	640	9	10	10	21	720	26	20	10	29	-1	31	0	8	-1	0	0	0	0
天马护腕(道)	640	9	10	10	21	720	26	20	10	29	-1	31	0	8	-1	0	0	0	0
天马道戒	640	9	10	10	21	720	26	20	10	29	-1	31	0	8	-1	0	0	0	0
天马腰带(道)	640	9	10	10	21	720	26	20	10	29	-1	31	0	8	-1	0	0	0	0
天马道靴	640	9	10	10	21	720	26	20	10	29	-1	31	0	8	-1	0	0	0	0
天马道勋	640	9	10	10	21	720	26	20	10	29	-1	31	0	8	-1	0	0	0	0
邪眼天马战戒	640	9	10	10	21	720	26	20	10	29	-1	31	0	8	-1	0	0	0	0
邪眼天马战勋	640	9	10	10	21	720	26	20	10	29	-1	31	0	8	-1	0	0	0	0
邪眼天马法勋	640	9	10	10	21	720	26	20	10	29	-1	31	0	8	-1	0	0	0	0
邪眼天马道勋	640	9	10	10	21	720	26	20	10	29	-1	31	0	8	-1	0	0	0	0
龙腾天下(男)	0	0	0	0	21	1460	18	0	0	29	3600	34	0	4	-1	0	0	0	0
龙腾天下(女)	0	0	0	0	21	1460	18	0	0	29	3600	34	0	4	-1	0	0	0	0
神圣天龙(男)	0	0	0	0	21	3968	18	0	0	25	-1	30	0	8	-1	0	0	0	0
神圣天龙(女)	0	0	0	0	21	3968	18	0	0	25	-1	30	0	8	-1	0	0	0	0
九天彩凤(男)	0	0	0	0	21	3950	18	0	0	25	-1	30	0	8	-1	0	0	0	0
九天彩凤(女)	0	0	0	0	21	3950	18	0	0	25	-1	30	0	8	-1	0	0	0	0
银装素裹(人)	65535	0	0	0	21	65535	0	0	0	21	2400	31	0	8	-1	0	0	0	0
银装素裹(地)	65535	0	0	0	21	65535	0	0	0	21	2400	31	0	8	-1	0	0	0	0
粉妆玉砌(人)	65535	0	0	0	21	65535	0	0	0	21	3000	31	0	8	-1	0	0	0	0
粉妆玉砌(地)	65535	0	0	0	21	65535	0	0	0	21	3000	31	0	8	-1	0	0	0	0
城主战袍(男)	65535	0	0	0	29	3680	8	0	0	25	12000	32	0	8	-1	0	0	0	0
城主战袍(女)	65535	0	0	0	29	3690	8	0	0	25	12000	32	0	8	-1	0	0	0	0
人之巅峰勋章	3910	10	0	0	25	3910	10	0	0	25	-1	31	0	8	-1	0	0	0	0
地之巅峰勋章	3910	10	0	0	25	3910	10	0	0	25	-1	31	0	8	-1	0	0	0	0
天之巅峰勋章	3910	10	0	0	25	3910	10	0	0	25	-1	31	0	8	-1	0	0	0	0
至尊巅峰勋章	3910	10	0	0	25	720	26	20	10	29	-1	31	0	8	-1	0	0	0	0
冷月(魔)	720	26	16	15	29	2293	10	0	0	29	3600	40	0	8	-1	0	0	0	0
天马法杖	0	0	0	0	21	2120	10	56	0	29	6000	39	0	8	-1	0	0	0	0
魂玉lv.max	640	9	10	10	21	720	26	20	10	29	-1	31	0	8	-1	0	0	0	0
主宰者灵笛	640	9	10	10	21	720	26	20	10	29	-1	31	0	8	-1	0	0	0	0
邪眼天马魔戒	640	9	10	10	21	720	26	20	10	29	-1	31	0	8	-1	0	0	0	0
邪眼天马道戒	640	9	10	10	21	720	26	20	10	29	-1	31	0	8	-1	0	0	0	0
邪眼神蛇魔戒	720	26	16	15	29	720	26	17	15	29	-1	31	0	8	-1	0	0	0	0
邪眼神蛇道戒	720	26	16	15	29	720	26	17	15	29	-1	31	0	8	-1	0	0	0	0
邪眼金羊战戒	720	26	15	14	29	720	26	16	14	29	-1	31	0	8	-1	0	0	0	0
邪眼金羊道戒	720	26	15	14	29	720	26	16	14	29	-1	31	0	8	-1	0	0	0	0
邪眼金羊魔戒	720	26	15	14	29	720	26	16	14	29	-1	31	0	8	-1	0	0	0	0
至尊传奇印(战)	720	26	15	14	29	720	26	16	14	29	-1	31	0	8	-1	0	0	0	0
至尊传奇印(法)	720	26	15	14	29	720	26	16	14	29	-1	31	0	8	-1	0	0	0	0
至尊传奇印(道)	720	26	15	14	29	720	26	16	14	29	-1	31	0	8	-1	0	0	0	0
传奇印(战)	720	26	15	14	29	720	26	16	14	29	-1	31	0	8	-1	0	0	0	0
传奇印(法)	720	26	15	14	29	720	26	16	14	29	-1	31	0	8	-1	0	0	0	0
传奇印(道)	720	26	15	14	29	720	26	16	14	29	-1	31	0	8	-1	0	0	0	0
王者无双(男)	65535	0	0	0	21	1500	10	0	0	29	0	43	0	4	-1	0	0	0	0
王者无双(女)	65535	0	0	0	21	1500	10	0	0	29	0	43	0	4	-1	0	0	0	0
傲视群雄(男)	65535	0	0	0	21	1500	10	0	0	29	0	43	0	4	-1	0	0	0	0
傲视群雄(女)	65535	0	0	0	21	1500	10	0	0	29	0	43	0	4	-1	0	0	0	0
冷月(战)	720	26	16	15	29	2465	10	0	0	29	10800	40	0	8	-1	0	0	0	0
冷月(道)	720	26	16	15	29	2455	10	90	20	29	9600	40	0	8	-1	0	0	0	0
天之复生戒指	720	26	16	15	29	720	26	17	15	29	-1	31	0	8	-1	0	0	0	0
至尊复生戒指	720	26	16	15	29	720	26	17	15	29	-1	31	0	8	-1	0	0	0	0
魔血复活戒指	720	26	16	15	29	720	26	17	15	29	-1	31	0	8	-1	0	0	0	0
魔血复活护腕	720	26	16	15	29	720	26	17	15	29	-1	31	0	8	-1	0	0	0	0
灵羊战刃	0	0	0	0	21	2250	14	80	30	29	10800	39	0	4	-1	0	0	0	0
神羊战刃	0	0	0	0	21	2268	14	77	15	29	12000	39	0	4	-1	0	0	0	0
灵羊法杖	0	0	0	0	21	2286	14	75	50	29	15600	39	0	4	-1	0	0	0	0
神羊法杖	0	0	0	0	21	2304	14	75	40	29	16800	39	0	4	-1	0	0	0	0
灵羊道剑	0	0	0	0	21	2322	11	80	30	29	13200	39	0	4	-1	0	0	0	0
神羊道剑	0	0	0	0	21	2340	11	70	30	29	14400	39	0	4	-1	0	0	0	0
灵羊战甲(男)	0	0	0	0	21	2394	10	85	60	29	1200	35	0	4	-1	0	0	0	0
灵羊战甲(女)	0	0	0	0	21	2394	10	85	60	29	1200	35	0	4	-1	0	0	0	0
神羊战甲(男)	0	0	0	0	21	2405	10	85	60	29	2400	35	0	4	-1	0	0	0	0
神羊战甲(女)	0	0	0	0	21	2405	10	85	60	29	2400	35	0	4	-1	0	0	0	0
灵羊道袍(男)	0	0	0	0	21	2520	10	85	60	29	3600	35	0	4	-1	0	0	0	0
灵羊道袍(女)	0	0	0	0	21	2520	10	85	60	29	3600	35	0	4	-1	0	0	0	0
神羊道袍(男)	0	0	0	0	21	2574	10	85	75	29	4800	35	0	4	-1	0	0	0	0
神羊道袍(女)	0	0	0	0	21	2538	10	85	75	29	4800	35	0	4	-1	0	0	0	0
灵羊魔衣(男)	0	0	0	0	21	2448	10	85	60	29	6000	35	0	4	-1	0	0	0	0
灵羊魔衣(女)	0	0	0	0	21	2448	10	85	60	29	6000	35	0	4	-1	0	0	0	0
神羊魔衣(男)	0	0	0	0	21	2466	10	85	60	29	7200	35	0	4	-1	0	0	0	0
神羊魔衣(女)	0	0	0	0	21	2466	10	85	60	29	7200	35	0	4	-1	0	0	0	0
神羊战盔	640	9	10	10	21	720	26	95	0	29	-1	31	0	8	-1	0	0	0	0
神羊项链(战)	640	9	10	10	21	720	26	20	10	29	-1	31	0	8	-1	0	0	0	0
神羊护腕(战)	640	9	10	10	21	720	26	20	10	29	-1	31	0	8	-1	0	0	0	0
神羊战戒	640	9	10	10	21	720	26	20	10	29	-1	31	0	8	-1	0	0	0	0
神羊腰带(战)	640	9	10	10	21	720	26	20	10	29	-1	31	0	8	-1	0	0	0	0
神羊战靴	640	9	10	10	21	720	26	20	10	29	-1	31	0	8	-1	0	0	0	0
神羊战勋	640	9	10	10	21	720	26	20	10	29	-1	31	0	8	-1	0	0	0	0
神羊法冠	640	9	10	10	21	720	26	95	0	29	-1	31	0	8	-1	0	0	0	0
神羊项链(法)	640	9	10	10	21	720	26	20	10	29	-1	31	0	8	-1	0	0	0	0
神羊护腕(法)	640	9	10	10	21	720	26	20	10	29	-1	31	0	8	-1	0	0	0	0
神羊魔戒	640	9	10	10	21	720	26	20	10	29	-1	31	0	8	-1	0	0	0	0
神羊腰带(法)	640	9	10	10	21	720	26	20	10	29	-1	31	0	8	-1	0	0	0	0
神羊法靴	640	9	10	10	21	720	26	20	10	29	-1	31	0	8	-1	0	0	0	0
神羊法勋	640	9	10	10	21	720	26	20	10	29	-1	31	0	8	-1	0	0	0	0
神羊道盔	640	9	10	10	21	720	26	95	0	29	-1	31	0	8	-1	0	0	0	0
神羊项链(道)	640	9	10	10	21	720	26	20	10	29	-1	31	0	8	-1	0	0	0	0
神羊护腕(道)	640	9	10	10	21	720	26	20	10	29	-1	31	0	8	-1	0	0	0	0
神羊道戒	640	9	10	10	21	720	26	20	10	29	-1	31	0	8	-1	0	0	0	0
神羊腰带(道)	640	9	10	10	21	720	26	20	10	29	-1	31	0	8	-1	0	0	0	0
神羊道靴	640	9	10	10	21	720	26	20	10	29	-1	31	0	8	-1	0	0	0	0
神羊道勋	640	9	10	10	21	720	26	20	10	29	-1	31	0	8	-1	0	0	0	0
灵羊战戒	640	26	16	16	29	640	26	16	16	29	-1	31	0	8	-1	0	0	0	0
灵羊护腕(战)	640	26	16	16	29	640	26	16	16	29	-1	31	0	8	-1	0	0	0	0
灵羊项链(战)	640	26	16	16	29	640	26	16	16	29	-1	31	0	8	-1	0	0	0	0
灵羊腰带(战)	640	26	16	16	29	640	26	16	16	29	-1	31	0	8	-1	0	0	0	0
灵羊战靴	640	26	16	16	29	640	26	16	16	29	-1	31	0	8	-1	0	0	0	0
灵羊战勋	640	26	16	16	29	640	26	16	16	29	-1	31	0	8	-1	0	0	0	0
灵羊战盔	640	26	16	16	29	640	26	93	5	29	-1	31	0	8	-1	0	0	0	0
灵羊道戒	640	26	16	16	29	640	26	16	16	29	-1	31	0	8	-1	0	0	0	0
灵羊护腕(道)	640	26	16	16	29	640	26	16	16	29	-1	31	0	8	-1	0	0	0	0
灵羊项链(道)	640	26	16	16	29	640	26	16	16	29	-1	31	0	8	-1	0	0	0	0
灵羊腰带(道)	640	26	16	16	29	640	26	16	16	29	-1	31	0	8	-1	0	0	0	0
灵羊道靴	640	26	16	16	29	640	26	16	16	29	-1	31	0	8	-1	0	0	0	0
灵羊道勋	640	26	16	16	29	640	26	16	16	29	-1	31	0	8	-1	0	0	0	0
灵羊道盔	640	26	16	16	29	640	26	93	5	29	-1	31	0	8	-1	0	0	0	0
灵羊魔戒	640	26	16	16	29	640	26	16	16	29	-1	31	0	8	-1	0	0	0	0
灵羊护腕(法)	640	26	16	16	29	640	26	16	16	29	-1	31	0	8	-1	0	0	0	0
灵羊项链(法)	640	26	16	16	29	640	26	16	16	29	-1	31	0	8	-1	0	0	0	0
灵羊腰带(法)	640	26	16	16	29	640	26	16	16	29	-1	31	0	8	-1	0	0	0	0
灵羊魔靴	640	26	16	16	29	640	26	16	16	29	-1	31	0	8	-1	0	0	0	0
灵羊法勋	640	26	16	16	29	640	26	16	16	29	-1	31	0	8	-1	0	0	0	0
灵羊法冠	640	26	16	16	29	640	26	93	5	29	-1	31	0	8	-1	0	0	0	0
金羊之戒	680	26	16	16	29	680	26	16	16	29	-1	31	0	8	-1	0	0	0	0
金羊护腕	680	26	16	16	29	680	26	16	16	29	-1	31	0	8	-1	0	0	0	0
金羊之冠	680	26	16	16	29	680	26	93	5	29	-1	31	0	8	-1	0	0	0	0
金羊项链	680	26	16	16	29	680	26	16	16	29	-1	31	0	8	-1	0	0	0	0
金羊腰带	680	26	16	16	29	680	26	16	16	29	-1	31	0	8	-1	0	0	0	0
金羊之靴	680	26	16	16	29	680	26	16	16	29	-1	31	0	8	-1	0	0	0	0
金羊勋章	680	26	16	16	29	680	26	16	16	29	-1	31	0	8	-1	0	0	0	0
灵猴战刃	0	0	0	0	255	2664	14	80	20	29	7200	42	0	4	-1	0	0	0	0
神猴战刃	0	0	0	0	255	2684	14	75	20	29	7800	42	0	4	-1	0	0	0	0
灵猴法杖	0	0	0	0	255	2704	10	80	20	29	12000	42	0	4	-1	0	0	0	0
神猴法杖	0	0	0	0	255	2714	10	80	20	29	13200	42	0	8	-1	0	0	0	0
灵猴道剑	0	0	0	0	255	2724	10	80	40	29	9600	42	0	4	-1	0	0	0	0
神猴道剑	0	0	0	0	255	2744	10	80	40	29	10800	42	0	4	-1	0	0	0	0
灵猴战甲(男)	0	0	0	0	255	2804	14	84	20	29	7200	41	0	4	-1	0	0	0	0
灵猴战甲(女)	0	0	0	0	255	2804	14	84	20	29	7200	41	0	4	-1	0	0	0	0
神猴战甲(男)	0	0	0	0	255	2824	14	83	20	29	7800	41	0	4	-1	0	0	0	0
神猴战甲(女)	0	0	0	0	255	2824	14	83	20	29	9000	41	0	4	-1	0	0	0	0
灵猴道袍(男)	0	0	0	0	255	2964	10	80	20	29	9600	41	0	4	-1	0	0	0	0
灵猴道袍(女)	0	0	0	0	255	2964	10	80	20	29	10800	41	0	4	-1	0	0	0	0
神猴道袍(男)	0	0	0	0	255	2984	10	83	33	29	10200	41	0	4	-1	0	0	0	0
神猴道袍(女)	0	0	0	0	255	2984	10	83	33	29	11400	41	0	4	-1	0	0	0	0
灵猴魔衣(男)	0	0	0	0	255	2884	14	83	28	29	12000	41	0	4	-1	0	0	0	0
灵猴魔衣(女)	0	0	0	0	255	2884	14	83	28	29	14400	41	0	4	-1	0	0	0	0
神猴魔衣(男)	0	0	0	0	255	2904	14	82	28	29	12600	41	0	4	-1	0	0	0	0
神猴魔衣(女)	0	0	0	0	255	2904	14	82	28	29	13800	41	0	4	-1	0	0	0	0
金猴腰带(战)	0	0	0	0	4	720	26	10	20	29	-1	22	0	8	-1	0	0	0	0
金猴战靴	0	0	0	0	4	720	26	10	20	29	-1	22	0	8	-1	0	0	0	0
金猴项链(战)	0	0	0	0	4	720	26	10	20	29	-1	22	0	8	-1	0	0	0	0
金猴护腕(战)	0	0	0	0	4	720	26	10	20	29	-1	22	0	8	-1	0	0	0	0
金猴战戒	0	0	0	0	4	720	26	10	20	29	-1	22	0	8	-1	0	0	0	0
金猴战勋	0	0	0	0	4	720	26	10	20	29	-1	22	0	8	-1	0	0	0	0
金猴腰带(法)	0	0	0	0	4	720	26	10	20	29	-1	22	0	8	-1	0	0	0	0
金猴魔靴	0	0	0	0	4	720	26	10	20	29	-1	22	0	8	-1	0	0	0	0
金猴项链(法)	0	0	0	0	4	720	26	10	20	29	-1	22	0	8	-1	0	0	0	0
金猴护腕(法)	0	0	0	0	4	720	26	10	20	29	-1	22	0	8	-1	0	0	0	0
金猴魔戒	0	0	0	0	4	720	26	10	20	29	-1	22	0	8	-1	0	0	0	0
金猴法勋	0	0	0	0	4	720	26	10	20	29	-1	22	0	8	-1	0	0	0	0
金猴腰带(道)	0	0	0	0	4	720	26	10	20	29	-1	22	0	8	-1	0	0	0	0
金猴道靴	0	0	0	0	4	720	26	10	20	29	-1	22	0	8	-1	0	0	0	0
金猴项链(道)	0	0	0	0	4	720	26	10	20	29	-1	22	0	8	-1	0	0	0	0
金猴护腕(道)	0	0	0	0	4	720	26	10	20	29	-1	22	0	8	-1	0	0	0	0
金猴道戒	0	0	0	0	4	720	26	10	20	29	-1	22	0	8	-1	0	0	0	0
金猴道勋	0	0	0	0	4	720	26	10	20	29	-1	22	0	8	-1	0	0	0	0
灵猴腰带(战)	0	0	0	0	4	720	26	10	20	29	-1	22	0	8	-1	0	0	0	0
灵猴战靴	0	0	0	0	4	720	26	10	20	29	-1	22	0	8	-1	0	0	0	0
灵猴项链(战)	0	0	0	0	4	720	26	10	20	29	-1	22	0	8	-1	0	0	0	0
灵猴护腕(战)	0	0	0	0	4	720	26	10	20	29	-1	22	0	8	-1	0	0	0	0
灵猴战戒	0	0	0	0	4	720	26	10	20	29	-1	22	0	8	-1	0	0	0	0
灵猴战勋	0	0	0	0	4	720	26	10	20	29	-1	22	0	8	-1	0	0	0	0
灵猴腰带(法)	0	0	0	0	4	720	26	10	20	29	-1	22	0	8	-1	0	0	0	0
灵猴魔靴	0	0	0	0	4	720	26	10	20	29	-1	22	0	8	-1	0	0	0	0
灵猴项链(法)	0	0	0	0	4	720	26	10	20	29	-1	22	0	8	-1	0	0	0	0
灵猴护腕(法)	0	0	0	0	4	720	26	10	20	29	-1	22	0	8	-1	0	0	0	0
灵猴魔戒	0	0	0	0	4	720	26	10	20	29	-1	22	0	8	-1	0	0	0	0
灵猴法勋	0	0	0	0	4	720	26	10	20	29	-1	22	0	8	-1	0	0	0	0
灵猴腰带(道)	0	0	0	0	4	720	26	10	20	29	-1	22	0	8	-1	0	0	0	0
灵猴道靴	0	0	0	0	4	720	26	10	20	29	-1	22	0	8	-1	0	0	0	0
灵猴项链(道)	0	0	0	0	4	720	26	10	20	29	-1	22	0	8	-1	0	0	0	0
灵猴护腕(道)	0	0	0	0	4	720	26	10	20	29	-1	22	0	8	-1	0	0	0	0
灵猴道戒	0	0	0	0	4	720	26	10	20	29	-1	22	0	8	-1	0	0	0	0
灵猴道勋	0	0	0	0	4	720	26	10	20	29	-1	22	0	8	-1	0	0	0	0
神猴腰带(战)	0	0	0	0	4	720	26	10	20	29	-1	22	0	8	-1	0	0	0	0
神猴战靴	0	0	0	0	4	720	26	10	20	29	-1	22	0	8	-1	0	0	0	0
神猴项链(战)	0	0	0	0	4	720	26	10	20	29	-1	22	0	8	-1	0	0	0	0
神猴护腕(战)	0	0	0	0	4	720	26	10	20	29	-1	22	0	8	-1	0	0	0	0
神猴战戒	0	0	0	0	4	720	26	10	20	29	-1	22	0	8	-1	0	0	0	0
神猴战勋	0	0	0	0	4	720	26	10	20	29	-1	22	0	8	-1	0	0	0	0
神猴腰带(法)	0	0	0	0	4	720	26	10	20	29	-1	22	0	8	-1	0	0	0	0
神猴魔靴	0	0	0	0	4	720	26	10	20	29	-1	22	0	8	-1	0	0	0	0
神猴项链(法)	0	0	0	0	4	720	26	10	20	29	-1	22	0	8	-1	0	0	0	0
神猴护腕(法)	0	0	0	0	4	720	26	10	20	29	-1	22	0	8	-1	0	0	0	0
神猴魔戒	0	0	0	0	4	720	26	10	20	29	-1	22	0	8	-1	0	0	0	0
神猴法勋	0	0	0	0	4	720	26	10	20	29	-1	22	0	8	-1	0	0	0	0
神猴腰带(道)	0	0	0	0	4	720	26	10	20	29	-1	22	0	8	-1	0	0	0	0
神猴道靴	0	0	0	0	4	720	26	10	20	29	-1	22	0	8	-1	0	0	0	0
神猴项链(道)	0	0	0	0	4	720	26	10	20	29	-1	22	0	8	-1	0	0	0	0
神猴护腕(道)	0	0	0	0	4	720	26	10	20	29	-1	22	0	8	-1	0	0	0	0
神猴道戒	0	0	0	0	4	720	26	10	20	29	-1	22	0	8	-1	0	0	0	0
神猴道勋	0	0	0	0	4	720	26	10	20	29	-1	22	0	8	-1	0	0	0	0
斗战胜佛战刃	0	0	0	0	4	3120	10	75	20	29	14400	41	0	8	-1	0	0	0	0
斗战胜佛法杖	0	0	0	0	4	3120	10	75	20	29	14400	41	0	8	-1	0	0	0	0
斗战胜佛道剑	0	0	0	0	4	3120	10	75	20	29	14400	41	0	8	-1	0	0	0	0
斗战胜佛战男	0	0	0	0	4	3130	10	75	20	29	15600	41	0	4	-1	0	0	0	0
斗战胜佛魔男	0	0	0	0	4	3130	10	75	20	29	15600	41	0	4	-1	0	0	0	0
斗战胜佛道男	0	0	0	0	4	3130	10	75	20	29	15600	41	0	4	-1	0	0	0	0
斗战胜佛战女	0	0	0	0	4	3140	10	75	20	29	15600	41	0	4	-1	0	0	0	0
斗战胜佛魔女	0	0	0	0	4	3140	10	75	20	29	15600	41	0	4	-1	0	0	0	0
斗战胜佛道女	0	0	0	0	4	3140	10	75	20	29	15600	41	0	4	-1	0	0	0	0
斗战胜佛战带	0	0	0	0	4	720	26	10	20	29	65535	22	0	8	-1	0	0	0	0
斗战胜佛战靴	0	0	0	0	4	720	26	10	20	29	65535	22	0	8	-1	0	0	0	0
斗战胜佛战链	0	0	0	0	4	720	26	10	20	29	65535	22	0	8	-1	0	0	0	0
斗战胜佛战腕	0	0	0	0	4	720	26	10	20	29	65535	22	0	8	-1	0	0	0	0
斗战胜佛战戒	0	0	0	0	4	720	26	10	20	29	65535	22	0	8	-1	0	0	0	0
斗战胜佛战勋	0	0	0	0	4	720	26	10	20	29	65535	22	0	8	-1	0	0	0	0
斗战胜佛法带	0	0	0	0	4	720	26	10	20	29	65535	22	0	8	-1	0	0	0	0
斗战胜佛魔靴	0	0	0	0	4	720	26	10	20	29	65535	22	0	8	-1	0	0	0	0
斗战胜佛法链	0	0	0	0	4	720	26	10	20	29	65535	22	0	8	-1	0	0	0	0
斗战胜佛魔戒	0	0	0	0	4	720	26	10	20	29	65535	22	0	8	-1	0	0	0	0
斗战胜佛法腕	0	0	0	0	4	720	26	10	20	29	65535	22	0	8	-1	0	0	0	0
斗战胜佛法勋	0	0	0	0	4	720	26	10	20	29	65535	22	0	8	-1	0	0	0	0
斗战胜佛道带	0	0	0	0	4	720	26	10	20	29	65535	22	0	8	-1	0	0	0	0
斗战胜佛道靴	0	0	0	0	4	720	26	10	20	29	65535	22	0	8	-1	0	0	0	0
斗战胜佛道链	0	0	0	0	4	720	26	10	20	29	65535	22	0	8	-1	0	0	0	0
斗战胜佛道腕	0	0	0	0	4	720	26	10	20	29	65535	22	0	8	-1	0	0	0	0
斗战胜佛道戒	0	0	0	0	4	720	26	10	20	29	65535	22	0	8	-1	0	0	0	0
斗战胜佛道勋	0	0	0	0	4	720	26	10	20	29	65535	22	0	8	-1	0	0	0	0
斗战胜佛战盔	0	0	0	0	255	3150	10	-60	-80	29	65535	255	0	8	-1	255	0	0	0
斗战胜佛法冠	0	0	0	0	255	3150	10	-60	-80	29	65535	255	0	8	-1	255	0	0	0
斗战胜佛道盔	0	0	0	0	255	3150	10	-60	-80	29	65535	255	0	8	-1	255	0	0	0
