;名称        地图     x    y  dir(0-1)   攻击坐标x  攻击坐标Y(可以为多个以|分隔)
;----------------------------------



火龙守护兽 HLSD1 51,67 1 77,50|74,50|83,50|80,53|86,53|74,41|71,41|71,44|71,47
火龙守护兽 HLSD1 48,70 1 81,44|81,47|78,44|75,44|84,47|78,41|75,41|81,50|84,50
火龙守护兽 HLSD1 45,73 1 81,44|84,47|78,41|85,50|75,41|76,51|79,54|73,48
火龙守护兽 HLSD1 61,78 0 79,48|79,51|76,48|78,53|75,50|76,45|82,51|81,44|84,47|78,41
火龙守护兽 HLSD1 58,81 0 79,48|82,51|85,54|76,45|71,40|82,48|79,45|76,42|85,51|73,42
火龙守护兽 HLSD1 55,84 0 80,48|77,48|80,45|77,51|74,51|74,54|71,54|71,57
火龙守护兽 HLSD2 51,67 1 77,50|74,50|83,50|80,53|86,53|74,41|71,41|71,44|71,47
火龙守护兽 HLSD2 48,70 1 81,44|81,47|78,44|75,44|84,47|78,41|75,41|81,50|84,50
火龙守护兽 HLSD2 45,73 1 81,44|84,47|78,41|85,50|75,41|76,51|79,54|73,48
火龙守护兽 HLSD2 61,78 0 79,48|79,51|76,48|78,53|75,50|76,45|82,51|81,44|84,47|78,41
火龙守护兽 HLSD2 58,81 0 79,48|82,51|85,54|76,45|71,40|82,48|79,45|76,42|85,51|73,42
火龙守护兽 HLSD2 55,84 0 80,48|77,48|80,45|77,51|74,51|74,54|71,54|71,57
火龙守护兽 HLSD3 51,67 1 77,50|74,50|83,50|80,53|86,53|74,41|71,41|71,44|71,47
火龙守护兽 HLSD3 48,70 1 81,44|81,47|78,44|75,44|84,47|78,41|75,41|81,50|84,50
火龙守护兽 HLSD3 45,73 1 81,44|84,47|78,41|85,50|75,41|76,51|79,54|73,48
火龙守护兽 HLSD3 61,78 0 79,48|79,51|76,48|78,53|75,50|76,45|82,51|81,44|84,47|78,41
火龙守护兽 HLSD3 58,81 0 79,48|82,51|85,54|76,45|71,40|82,48|79,45|76,42|85,51|73,42
火龙守护兽 HLSD3 55,84 0 80,48|77,48|80,45|77,51|74,51|74,54|71,54|71,57
火龙守护兽 HLSD4 51,67 1 77,50|74,50|83,50|80,53|86,53|74,41|71,41|71,44|71,47
火龙守护兽 HLSD4 48,70 1 81,44|81,47|78,44|75,44|84,47|78,41|75,41|81,50|84,50
火龙守护兽 HLSD4 45,73 1 81,44|84,47|78,41|85,50|75,41|76,51|79,54|73,48
火龙守护兽 HLSD4 61,78 0 79,48|79,51|76,48|78,53|75,50|76,45|82,51|81,44|84,47|78,41
火龙守护兽 HLSD4 58,81 0 79,48|82,51|85,54|76,45|71,40|82,48|79,45|76,42|85,51|73,42
火龙守护兽 HLSD4 55,84 0 80,48|77,48|80,45|77,51|74,51|74,54|71,54|71,57
火龙守护兽 HLSD5 51,67 1 77,50|74,50|83,50|80,53|86,53|74,41|71,41|71,44|71,47
火龙守护兽 HLSD5 48,70 1 81,44|81,47|78,44|75,44|84,47|78,41|75,41|81,50|84,50
火龙守护兽 HLSD5 45,73 1 81,44|84,47|78,41|85,50|75,41|76,51|79,54|73,48
火龙守护兽 HLSD5 61,78 0 79,48|79,51|76,48|78,53|75,50|76,45|82,51|81,44|84,47|78,41
火龙守护兽 HLSD5 58,81 0 79,48|82,51|85,54|76,45|71,40|82,48|79,45|76,42|85,51|73,42
火龙守护兽 HLSD5 55,84 0 80,48|77,48|80,45|77,51|74,51|74,54|71,54|71,57
火龙守护兽 HLSD6 51,67 1 77,50|74,50|83,50|80,53|86,53|74,41|71,41|71,44|71,47
火龙守护兽 HLSD6 48,70 1 81,44|81,47|78,44|75,44|84,47|78,41|75,41|81,50|84,50
火龙守护兽 HLSD6 45,73 1 81,44|84,47|78,41|85,50|75,41|76,51|79,54|73,48
火龙守护兽 HLSD6 61,78 0 79,48|79,51|76,48|78,53|75,50|76,45|82,51|81,44|84,47|78,41
火龙守护兽 HLSD6 58,81 0 79,48|82,51|85,54|76,45|71,40|82,48|79,45|76,42|85,51|73,42
火龙守护兽 HLSD6 55,84 0 80,48|77,48|80,45|77,51|74,51|74,54|71,54|71,57
火龙守护兽 HLSD7 51,67 1 77,50|74,50|83,50|80,53|86,53|74,41|71,41|71,44|71,47
火龙守护兽 HLSD7 48,70 1 81,44|81,47|78,44|75,44|84,47|78,41|75,41|81,50|84,50
火龙守护兽 HLSD7 45,73 1 81,44|84,47|78,41|85,50|75,41|76,51|79,54|73,48
火龙守护兽 HLSD7 61,78 0 79,48|79,51|76,48|78,53|75,50|76,45|82,51|81,44|84,47|78,41
火龙守护兽 HLSD7 58,81 0 79,48|82,51|85,54|76,45|71,40|82,48|79,45|76,42|85,51|73,42
火龙守护兽 HLSD7 55,84 0 80,48|77,48|80,45|77,51|74,51|74,54|71,54|71,57
火龙守护兽 HLSD8 51,67 1 77,50|74,50|83,50|80,53|86,53|74,41|71,41|71,44|71,47
火龙守护兽 HLSD8 48,70 1 81,44|81,47|78,44|75,44|84,47|78,41|75,41|81,50|84,50
火龙守护兽 HLSD8 45,73 1 81,44|84,47|78,41|85,50|75,41|76,51|79,54|73,48
火龙守护兽 HLSD8 61,78 0 79,48|79,51|76,48|78,53|75,50|76,45|82,51|81,44|84,47|78,41
火龙守护兽 HLSD8 58,81 0 79,48|82,51|85,54|76,45|71,40|82,48|79,45|76,42|85,51|73,42
火龙守护兽 HLSD8 55,84 0 80,48|77,48|80,45|77,51|74,51|74,54|71,54|71,57
火龙守护兽 HLSD9 51,67 1 77,50|74,50|83,50|80,53|86,53|74,41|71,41|71,44|71,47
火龙守护兽 HLSD9 48,70 1 81,44|81,47|78,44|75,44|84,47|78,41|75,41|81,50|84,50
火龙守护兽 HLSD9 45,73 1 81,44|84,47|78,41|85,50|75,41|76,51|79,54|73,48
火龙守护兽 HLSD9 61,78 0 79,48|79,51|76,48|78,53|75,50|76,45|82,51|81,44|84,47|78,41
火龙守护兽 HLSD9 58,81 0 79,48|82,51|85,54|76,45|71,40|82,48|79,45|76,42|85,51|73,42
火龙守护兽 HLSD9 55,84 0 80,48|77,48|80,45|77,51|74,51|74,54|71,54|71,57
火龙守护兽 HLSD10 51,67 1 77,50|74,50|83,50|80,53|86,53|74,41|71,41|71,44|71,47
火龙守护兽 HLSD10 48,70 1 81,44|81,47|78,44|75,44|84,47|78,41|75,41|81,50|84,50
火龙守护兽 HLSD10 45,73 1 81,44|84,47|78,41|85,50|75,41|76,51|79,54|73,48
火龙守护兽 HLSD10 61,78 0 79,48|79,51|76,48|78,53|75,50|76,45|82,51|81,44|84,47|78,41
火龙守护兽 HLSD10 58,81 0 79,48|82,51|85,54|76,45|71,40|82,48|79,45|76,42|85,51|73,42
火龙守护兽 HLSD10 55,84 0 80,48|77,48|80,45|77,51|74,51|74,54|71,54|71,57