;物品特效配置文件
0	雷霆战甲(男)	65535	0	0	0	25	65535	0	0	0	25	8400	30	0	8	-1	0	0	0	0	-1	0	-1	0	-1	-1	-1	-1	-1	8	-1	-1	-1	0	-1	-1	-1	-1	-1	-1	-1	-1	0	150	150
1	雷霆战甲(女)	65535	0	0	0	25	65535	0	0	0	25	9000	30	0	8	-1	0	0	0	0	-1	0	-1	0	-1	-1	-1	-1	-1	8	-1	-1	-1	0	-1	-1	-1	-1	-1	-1	-1	-1	0	150	150
2	烈焰魔衣(男)	65535	0	0	0	25	65535	0	0	0	25	9600	30	0	8	-1	0	0	0	0	-1	0	-1	0	-1	-1	-1	-1	-1	8	-1	-1	-1	0	-1	-1	-1	-1	-1	-1	-1	-1	0	150	150
3	烈焰魔衣(女)	65535	0	0	0	25	65535	0	0	0	25	10200	30	0	8	-1	0	0	0	0	-1	0	-1	0	-1	-1	-1	-1	-1	8	-1	-1	-1	0	-1	-1	-1	-1	-1	-1	-1	-1	0	150	150
4	光芒道袍(男)	65535	0	0	0	25	65535	0	0	0	25	0	30	0	8	-1	0	0	0	0	-1	0	-1	0	-1	-1	-1	-1	-1	8	-1	-1	-1	0	-1	-1	-1	-1	-1	-1	-1	-1	0	150	150
5	光芒道袍(女)	65535	0	0	0	25	65535	0	0	0	25	600	30	0	8	-1	0	0	0	0	-1	0	-1	0	-1	-1	-1	-1	-1	8	-1	-1	-1	0	-1	-1	-1	-1	-1	-1	-1	-1	0	150	150
6	金牛道剑	65535	0	0	0	25	1403	1	0	0	25	0	31	0	8	-1	0	0	0	0	-1	0	-1	0	-1	-1	-1	-1	-1	8	-1	-1	-1	0	-1	-1	-1	-1	-1	-1	-1	-1	0	150	150
7	金牛勋章	640	9	18	15	21	640	9	18	15	21	-1	31	0	8	-1	0	0	0	0	-1	0	-1	0	-1	-1	-1	-1	-1	8	-1	-1	-1	0	-1	-1	-1	-1	-1	-1	-1	-1	0	150	150
8	金牛战盔	640	9	15	15	21	620	11	77	-11	21	-1	30	0	8	-1	0	0	0	0	-1	0	-1	0	-1	-1	-1	-1	-1	8	-1	-1	-1	0	-1	-1	-1	-1	-1	-1	-1	-1	0	150	150
9	金牛腰带(战)	640	9	15	15	21	640	9	15	15	21	-1	30	0	8	-1	0	0	0	0	-1	0	-1	0	-1	-1	-1	-1	-1	8	-1	-1	-1	0	-1	-1	-1	-1	-1	-1	-1	-1	0	150	150
10	金牛项链(战)	640	9	12	16	21	640	9	12	16	21	-1	30	0	8	-1	0	0	0	0	-1	0	-1	0	-1	-1	-1	-1	-1	8	-1	-1	-1	0	-1	-1	-1	-1	-1	-1	-1	-1	0	150	150
11	金牛战戒	640	9	16	16	21	640	9	16	16	21	-1	30	0	8	-1	0	0	0	0	-1	0	-1	0	-1	-1	-1	-1	-1	8	-1	-1	-1	0	-1	-1	-1	-1	-1	-1	-1	-1	0	150	150
12	天龙圣衣(男)	65535	0	0	0	25	65535	0	0	0	25	1200	30	0	8	-1	0	0	0	0	-1	0	-1	0	-1	-1	-1	-1	-1	8	-1	-1	-1	0	-1	-1	-1	-1	-1	-1	-1	-1	0	150	150
13	天龙圣衣(女)	65535	0	0	0	25	65535	0	0	0	25	1800	30	0	8	-1	0	0	0	0	-1	0	-1	0	-1	-1	-1	-1	-1	8	-1	-1	-1	0	-1	-1	-1	-1	-1	-1	-1	-1	0	150	150
14	虎威战盔	65535	0	0	0	25	220	32	69	-16	24	-1	30	0	8	-1	0	0	0	0	-1	0	-1	0	-1	-1	-1	-1	-1	8	-1	-1	-1	0	-1	-1	-1	-1	-1	-1	-1	-1	0	150	150
15	虎威项链(战)	65535	0	0	0	25	180	32	-8	-8	24	-1	30	0	8	-1	0	0	0	0	-1	0	-1	0	-1	-1	-1	-1	-1	8	-1	-1	-1	0	-1	-1	-1	-1	-1	-1	-1	-1	0	150	150
16	虎威勋章(战)	65535	0	0	0	25	340	32	-8	-8	24	-1	30	0	8	-1	0	0	0	0	-1	0	-1	0	-1	-1	-1	-1	-1	8	-1	-1	-1	0	-1	-1	-1	-1	-1	-1	-1	-1	0	150	150
17	虎威护腕(战)	65535	0	0	0	25	100	32	-8	-8	24	-1	30	0	8	-1	0	0	0	0	-1	0	-1	0	-1	-1	-1	-1	-1	8	-1	-1	-1	0	-1	-1	-1	-1	-1	-1	-1	-1	0	150	150
18	虎威战戒	65535	0	0	0	25	140	32	-8	-8	24	-1	30	0	8	-1	0	0	0	0	-1	0	-1	0	-1	-1	-1	-1	-1	8	-1	-1	-1	0	-1	-1	-1	-1	-1	-1	-1	-1	0	150	150
19	虎威腰带(战)	65535	0	0	0	25	300	32	-8	-8	24	-1	30	0	8	-1	0	0	0	0	-1	0	-1	0	-1	-1	-1	-1	-1	8	-1	-1	-1	0	-1	-1	-1	-1	-1	-1	-1	-1	0	150	150
20	虎威战靴	65535	0	0	0	25	260	32	-8	-8	24	-1	30	0	8	-1	0	0	0	0	-1	0	-1	0	-1	-1	-1	-1	-1	8	-1	-1	-1	0	-1	-1	-1	-1	-1	-1	-1	-1	0	150	150
21	倚天	65535	0	0	0	25	1890	10	0	0	25	1200	31	0	8	-1	0	0	0	0	-1	0	-1	0	-1	-1	-1	-1	-1	8	-1	-1	-1	0	-1	-1	-1	-1	-1	-1	-1	-1	0	150	150
22	倚天战甲(男)	65535	0	0	0	25	65535	0	0	0	25	2400	31	0	8	-1	0	0	0	0	-1	0	-1	0	-1	-1	-1	-1	-1	8	-1	-1	-1	0	-1	-1	-1	-1	-1	-1	-1	-1	0	150	150
23	倚天战甲(女)	65535	0	0	0	25	65535	0	0	0	25	3000	31	0	8	-1	0	0	0	0	-1	0	-1	0	-1	-1	-1	-1	-1	8	-1	-1	-1	0	-1	-1	-1	-1	-1	-1	-1	-1	0	150	150
24	辉煌战甲(男)	65535	0	0	0	25	65535	0	0	0	25	3600	31	0	8	-1	0	0	0	0	-1	0	-1	0	-1	-1	-1	-1	-1	8	-1	-1	-1	0	-1	-1	-1	-1	-1	-1	-1	-1	0	150	150
25	辉煌战甲(女)	65535	0	0	0	25	65535	0	0	0	25	4200	31	0	8	-1	0	0	0	0	-1	0	-1	0	-1	-1	-1	-1	-1	8	-1	-1	-1	0	-1	-1	-1	-1	-1	-1	-1	-1	0	150	150
26	主宰神剑	65535	0	0	0	25	2427	1	0	0	25	6000	31	0	8	-1	0	0	0	0	-1	0	-1	0	-1	-1	-1	-1	-1	8	-1	-1	-1	0	-1	-1	-1	-1	-1	-1	-1	-1	0	150	150
27	主宰神甲(男)	65535	0	0	0	255	2425	1	0	0	25	4800	31	0	8	-1	0	0	0	0	-1	0	-1	0	-1	-1	-1	-1	-1	8	-1	-1	-1	0	-1	-1	-1	-1	-1	-1	-1	-1	0	150	150
28	主宰神甲(女)	65535	0	0	0	255	2426	1	0	0	25	5400	31	0	8	-1	0	0	0	0	-1	0	-1	0	-1	-1	-1	-1	-1	8	-1	-1	-1	0	-1	-1	-1	-1	-1	-1	-1	-1	0	150	150
29	主宰项链	65535	0	0	0	25	550	10	-4	-4	29	-1	30	0	8	-1	0	0	0	0	-1	0	-1	0	-1	-1	-1	-1	-1	8	-1	-1	-1	0	-1	-1	-1	-1	-1	-1	-1	-1	0	150	150
30	主宰勋章	65535	0	0	0	25	590	10	-4	-4	29	-1	30	0	8	-1	0	0	0	0	-1	0	-1	0	-1	-1	-1	-1	-1	8	-1	-1	-1	0	-1	-1	-1	-1	-1	-1	-1	-1	0	150	150
31	主宰护腕	65535	0	0	0	25	540	10	-4	-4	29	-1	30	0	8	-1	0	0	0	0	-1	0	-1	0	-1	-1	-1	-1	-1	8	-1	-1	-1	0	-1	-1	-1	-1	-1	-1	-1	-1	0	150	150
32	主宰之戒	65535	0	0	0	25	530	10	-4	-4	29	-1	30	0	8	-1	0	0	0	0	-1	0	-1	0	-1	-1	-1	-1	-1	8	-1	-1	-1	0	-1	-1	-1	-1	-1	-1	-1	-1	0	150	150
33	主宰腰带	65535	0	0	0	25	570	10	-4	-4	29	-1	30	0	8	-1	0	0	0	0	-1	0	-1	0	-1	-1	-1	-1	-1	8	-1	-1	-1	0	-1	-1	-1	-1	-1	-1	-1	-1	0	150	150
34	主宰之靴	65535	0	0	0	29	560	10	-4	-4	29	-1	30	0	8	-1	0	0	0	0	-1	0	-1	0	-1	-1	-1	-1	-1	8	-1	-1	-1	0	-1	-1	-1	-1	-1	-1	-1	-1	0	150	150
35	天龙印	65535	0	0	0	25	2650	15	-10	-14	25	-1	30	0	8	-1	0	0	0	0	-1	0	-1	0	-1	-1	-1	-1	-1	8	-1	-1	-1	0	-1	-1	-1	-1	-1	-1	-1	-1	0	150	150
36	火龙印	65535	0	0	0	25	2630	15	-8	-14	25	-1	30	0	8	-1	0	0	0	0	-1	0	-1	0	-1	-1	-1	-1	-1	8	-1	-1	-1	0	-1	-1	-1	-1	-1	-1	-1	-1	0	150	150
37	天外飞仙	65535	0	0	0	25	2600	20	0	0	25	-1	30	0	8	-1	0	0	0	0	-1	0	-1	0	-1	-1	-1	-1	-1	8	-1	-1	-1	0	-1	-1	-1	-1	-1	-1	-1	-1	0	150	150
38	传奇神剑	65535	0	0	0	25	2530	8	0	0	25	8400	31	0	8	-1	0	0	0	0	-1	0	-1	0	-1	-1	-1	-1	-1	8	-1	-1	-1	0	-1	-1	-1	-1	-1	-1	-1	-1	0	150	150
39	传奇魔杖	65535	0	0	0	25	2560	10	0	0	25	10800	31	0	8	-1	0	0	0	0	-1	0	-1	0	-1	-1	-1	-1	-1	8	-1	-1	-1	0	-1	-1	-1	-1	-1	-1	-1	-1	0	150	150
40	传奇宝扇	65535	0	0	0	25	2550	10	0	0	25	9600	31	0	8	-1	0	0	0	0	-1	0	-1	0	-1	-1	-1	-1	-1	8	-1	-1	-1	0	-1	-1	-1	-1	-1	-1	-1	-1	0	150	150
41	传奇神甲(男)	65535	0	0	0	25	2541	1	0	0	25	7200	31	0	8	-1	0	0	0	0	-1	0	-1	0	-1	-1	-1	-1	-1	8	-1	-1	-1	0	-1	-1	-1	-1	-1	-1	-1	-1	0	150	150
42	传奇神甲(女)	65535	0	0	0	25	2543	1	0	0	25	7800	31	0	8	-1	0	0	0	0	-1	0	-1	0	-1	-1	-1	-1	-1	8	-1	-1	-1	0	-1	-1	-1	-1	-1	-1	-1	-1	0	150	150
43	龙卫之剑	65535	0	0	0	25	2850	16	0	0	25	13200	31	0	8	-1	0	0	0	0	-1	0	-1	0	-1	-1	-1	-1	-1	8	-1	-1	-1	0	-1	-1	-1	-1	-1	-1	-1	-1	0	150	150
44	热血战刃	65535	0	0	0	25	3500	14	0	0	25	3600	32	0	8	-1	0	0	0	0	-1	0	-1	0	-1	-1	-1	-1	-1	8	-1	-1	-1	0	-1	-1	-1	-1	-1	-1	-1	-1	0	150	150
45	热血战甲(男)	65535	0	0	0	25	65535	0	0	0	25	0	32	0	8	-1	0	0	0	0	-1	0	-1	0	-1	-1	-1	-1	-1	8	-1	-1	-1	0	-1	-1	-1	-1	-1	-1	-1	-1	0	150	150
46	热血战甲(女)	65535	0	0	0	25	65535	0	0	0	25	600	32	0	8	-1	0	0	0	0	-1	0	-1	0	-1	-1	-1	-1	-1	8	-1	-1	-1	0	-1	-1	-1	-1	-1	-1	-1	-1	0	150	150
47	热血魔杖	65535	0	0	0	25	3520	14	0	0	25	4800	32	0	8	-1	0	0	0	0	-1	0	-1	0	-1	-1	-1	-1	-1	8	-1	-1	-1	0	-1	-1	-1	-1	-1	-1	-1	-1	0	150	150
48	热血魔衣(男)	65535	0	0	0	25	65535	0	0	0	25	1200	32	0	8	-1	0	0	0	0	-1	0	-1	0	-1	-1	-1	-1	-1	8	-1	-1	-1	0	-1	-1	-1	-1	-1	-1	-1	-1	0	150	150
49	热血魔衣(女)	65535	0	0	0	25	65535	0	0	0	25	1800	32	0	8	-1	0	0	0	0	-1	0	-1	0	-1	-1	-1	-1	-1	8	-1	-1	-1	0	-1	-1	-1	-1	-1	-1	-1	-1	0	150	150
50	热血宝扇	65535	0	0	0	25	3480	14	0	0	25	6000	32	0	8	-1	0	0	0	0	-1	0	-1	0	-1	-1	-1	-1	-1	8	-1	-1	-1	0	-1	-1	-1	-1	-1	-1	-1	-1	0	150	150
51	热血道袍(男)	65535	0	0	0	25	65535	0	0	0	25	2400	32	0	8	-1	0	0	0	0	-1	0	-1	0	-1	-1	-1	-1	-1	8	-1	-1	-1	0	-1	-1	-1	-1	-1	-1	-1	-1	0	150	150
52	热血道袍(女)	65535	0	0	0	25	65535	0	0	0	25	3000	32	0	8	-1	0	0	0	0	-1	0	-1	0	-1	-1	-1	-1	-1	8	-1	-1	-1	0	-1	-1	-1	-1	-1	-1	-1	-1	0	150	150
53	热血战盔	3580	26	-22	-22	25	3580	26	53	-35	25	-1	32	0	8	-1	0	0	0	0	-1	0	-1	0	-1	-1	-1	-1	-1	8	-1	-1	-1	0	-1	-1	-1	-1	-1	-1	-1	-1	0	150	150
54	热血项链(战)	3580	26	-22	-22	25	3580	26	-22	-22	25	-1	32	0	8	-1	0	0	0	0	-1	0	-1	0	-1	-1	-1	-1	-1	8	-1	-1	-1	0	-1	-1	-1	-1	-1	-1	-1	-1	0	150	150
55	麻痹戒指	2010	20	-35	-36	24	2010	20	-33	-36	24	-1	31	0	8	-1	0	0	0	0	-1	0	-1	0	-1	-1	-1	-1	-1	8	-1	-1	-1	0	-1	-1	-1	-1	-1	-1	-1	-1	0	150	150
56	复活戒指	2010	20	-32	-34	24	2010	20	-30	-34	24	-1	31	0	8	-1	0	0	0	0	-1	0	-1	0	-1	-1	-1	-1	-1	8	-1	-1	-1	0	-1	-1	-1	-1	-1	-1	-1	-1	0	150	150
57	护身戒指	2010	20	-33	-39	24	2010	20	-32	-38	24	-1	31	0	8	-1	0	0	0	0	-1	0	-1	0	-1	-1	-1	-1	-1	8	-1	-1	-1	0	-1	-1	-1	-1	-1	-1	-1	-1	0	150	150
58	皓天战刃	65535	0	0	0	25	3630	18	0	0	25	8400	32	0	8	-1	0	0	0	0	-1	0	-1	0	-1	-1	-1	-1	-1	8	-1	-1	-1	0	-1	-1	-1	-1	-1	-1	-1	-1	0	150	150
59	皓天权杖	65535	0	0	0	25	3650	18	0	0	25	10800	32	0	8	-1	0	0	0	0	-1	0	-1	0	-1	-1	-1	-1	-1	8	-1	-1	-1	0	-1	-1	-1	-1	-1	-1	-1	-1	0	150	150
60	皓天宝扇	65535	0	0	0	25	3610	18	0	0	25	9600	32	0	8	-1	0	0	0	0	-1	0	-1	0	-1	-1	-1	-1	-1	8	-1	-1	-1	0	-1	-1	-1	-1	-1	-1	-1	-1	0	150	150
61	皓天战甲(男)	65535	0	0	0	25	3550	10	0	0	25	7200	32	0	8	-1	0	0	0	0	-1	0	-1	0	-1	-1	-1	-1	-1	8	-1	-1	-1	0	-1	-1	-1	-1	-1	-1	-1	-1	0	150	150
62	皓天战甲(女)	65535	0	0	0	25	3550	10	0	0	25	7800	32	0	8	-1	0	0	0	0	-1	0	-1	0	-1	-1	-1	-1	-1	8	-1	-1	-1	0	-1	-1	-1	-1	-1	-1	-1	-1	0	150	150
63	皓天战盔	640	26	16	16	29	640	26	93	5	29	-1	31	0	8	-1	0	0	0	0	-1	0	-1	0	-1	-1	-1	-1	-1	8	-1	-1	-1	0	-1	-1	-1	-1	-1	-1	-1	-1	0	150	150
64	皓天法冠	65535	0	0	0	25	3580	26	54	-32	25	-1	30	0	8	-1	0	0	0	0	-1	0	-1	0	-1	-1	-1	-1	-1	8	-1	-1	-1	0	-1	-1	-1	-1	-1	-1	-1	-1	0	150	150
65	皓天战勋	65535	0	0	0	25	3580	26	-26	-23	25	-1	30	0	8	-1	0	0	0	0	-1	0	-1	0	-1	-1	-1	-1	-1	8	-1	-1	-1	0	-1	-1	-1	-1	-1	-1	-1	-1	0	150	150
66	皓天护腕(战)	65535	0	0	0	25	3580	26	-26	-24	25	-1	30	0	8	-1	0	0	0	0	-1	0	-1	0	-1	-1	-1	-1	-1	8	-1	-1	-1	0	-1	-1	-1	-1	-1	-1	-1	-1	0	150	150
67	皓天战戒	65535	0	0	0	25	3580	26	-32	-22	25	-1	30	0	8	-1	0	0	0	0	-1	0	-1	0	-1	-1	-1	-1	-1	8	-1	-1	-1	0	-1	-1	-1	-1	-1	-1	-1	-1	0	150	150
68	皓天腰带(战)	65535	0	0	0	25	3580	26	-21	-24	25	-1	30	0	8	-1	0	0	0	0	-1	0	-1	0	-1	-1	-1	-1	-1	8	-1	-1	-1	0	-1	-1	-1	-1	-1	-1	-1	-1	0	150	150
69	皓天项链(战)	65535	0	0	0	25	3580	26	-26	-18	25	-1	30	0	8	-1	0	0	0	0	-1	0	-1	0	-1	-1	-1	-1	-1	8	-1	-1	-1	0	-1	-1	-1	-1	-1	-1	-1	-1	0	150	150
70	皓宇战甲(男)	65535	0	0	0	25	1230	10	0	0	29	1200	33	0	4	-1	0	0	0	0	-1	0	-1	0	-1	-1	-1	-1	-1	8	-1	-1	-1	0	-1	-1	-1	-1	-1	-1	-1	-1	0	150	150
71	皓尊战刃	65535	0	0	0	25	920	18	0	0	29	7200	37	0	4	-1	0	0	0	0	-1	0	-1	0	-1	-1	-1	-1	-1	8	-1	-1	-1	0	-1	-1	-1	-1	-1	-1	-1	-1	0	150	150
72	皓尊权杖	65535	0	0	0	25	1060	18	0	0	29	8400	37	0	4	-1	0	0	0	0	-1	0	-1	0	-1	-1	-1	-1	-1	8	-1	-1	-1	0	-1	-1	-1	-1	-1	-1	-1	-1	0	150	150
73	皓尊宝扇	65535	0	0	0	25	990	18	0	0	29	9600	37	0	4	-1	0	0	0	0	-1	0	-1	0	-1	-1	-1	-1	-1	8	-1	-1	-1	0	-1	-1	-1	-1	-1	-1	-1	-1	0	150	150
74	皓尊战甲(男)	65535	0	0	0	25	1260	10	0	0	29	2400	33	0	4	-1	0	0	0	0	-1	0	-1	0	-1	-1	-1	-1	-1	8	-1	-1	-1	0	-1	-1	-1	-1	-1	-1	-1	-1	0	150	150
75	皓尊战甲(女)	65535	0	0	0	25	1270	10	0	0	29	3000	33	0	4	-1	0	0	0	0	-1	0	-1	0	-1	-1	-1	-1	-1	8	-1	-1	-1	0	-1	-1	-1	-1	-1	-1	-1	-1	0	150	150
76	皓尊战戒	720	26	16	16	29	720	26	16	16	29	-1	31	0	8	-1	0	0	0	0	-1	0	-1	0	-1	-1	-1	-1	-1	8	-1	-1	-1	0	-1	-1	-1	-1	-1	-1	-1	-1	0	150	150
77	皓尊战盔	720	26	16	16	29	720	26	93	5	29	-1	31	0	8	-1	0	0	0	0	-1	0	-1	0	-1	-1	-1	-1	-1	8	-1	-1	-1	0	-1	-1	-1	-1	-1	-1	-1	-1	0	150	150
78	神龙战甲(男)	0	0	0	0	25	3800	8	0	0	25	13200	32	0	8	-1	0	0	0	0	-1	0	-1	0	-1	-1	-1	-1	-1	8	-1	-1	-1	0	-1	-1	-1	-1	-1	-1	-1	-1	0	150	150
79	神龙战甲(女)	0	0	0	0	25	3800	8	0	0	25	13800	32	0	8	-1	0	0	0	0	-1	0	-1	0	-1	-1	-1	-1	-1	8	-1	-1	-1	0	-1	-1	-1	-1	-1	-1	-1	-1	0	150	150
80	神龙战刃	0	0	0	0	25	3820	18	0	0	25	14400	32	0	8	-1	0	0	0	0	-1	0	-1	0	-1	-1	-1	-1	-1	8	-1	-1	-1	0	-1	-1	-1	-1	-1	-1	-1	-1	0	150	150
81	神龙宝扇	0	0	0	0	25	3840	18	0	0	25	15600	32	0	8	-1	0	0	0	0	-1	0	-1	0	-1	-1	-1	-1	-1	8	-1	-1	-1	0	-1	-1	-1	-1	-1	-1	-1	-1	0	150	150
82	神龙权杖	0	0	0	0	25	3860	18	0	0	25	16800	32	0	8	-1	0	0	0	0	-1	0	-1	0	-1	-1	-1	-1	-1	8	-1	-1	-1	0	-1	-1	-1	-1	-1	-1	-1	-1	0	150	150
83	天下第一战甲	0	0	0	0	25	3680	8	0	0	25	12000	32	0	8	-1	0	0	0	0	-1	0	-1	0	-1	-1	-1	-1	-1	8	-1	-1	-1	0	-1	-1	-1	-1	-1	-1	-1	-1	0	150	150
84	天下第一战袍	0	0	0	0	25	3690	8	0	0	25	12600	32	0	8	-1	0	0	0	0	-1	0	-1	0	-1	-1	-1	-1	-1	8	-1	-1	-1	0	-1	-1	-1	-1	-1	-1	-1	-1	0	150	150
85	主宰印	65535	0	0	0	25	3910	10	0	0	25	-1	30	0	8	-1	0	0	0	0	-1	0	-1	0	-1	-1	-1	-1	-1	8	-1	-1	-1	0	-1	-1	-1	-1	-1	-1	-1	-1	0	150	150
86	九级军鼓(战)	720	26	18	18	29	720	26	18	18	29	-1	32	1	8	-1	0	0	0	0	-1	0	-1	0	-1	-1	-1	-1	-1	8	-1	-1	-1	0	-1	-1	-1	-1	-1	-1	-1	-1	0	150	150
87	极品主宰甲(男)	65535	0	0	0	21	2425	1	0	0	25	4800	31	0	8	-1	0	0	0	0	-1	0	-1	0	-1	-1	-1	-1	-1	8	-1	-1	-1	0	-1	-1	-1	-1	-1	-1	-1	-1	0	150	150
88	极品传奇甲(男)	0	0	10	10	21	2541	1	0	0	25	7200	31	0	8	-1	0	0	0	0	-1	0	-1	0	-1	-1	-1	-1	-1	8	-1	-1	-1	0	-1	-1	-1	-1	-1	-1	-1	-1	0	150	150
89	极品传奇甲(女)	0	0	10	10	21	2543	1	0	0	25	7800	31	0	8	-1	0	0	0	0	-1	0	-1	0	-1	-1	-1	-1	-1	8	-1	-1	-1	0	-1	-1	-1	-1	-1	-1	-1	-1	0	150	150
90	真龙战盔	3580	26	-20	-20	25	3580	26	53	-35	25	-1	32	1	8	-1	0	0	0	0	-1	0	-1	0	-1	-1	-1	-1	-1	8	-1	-1	-1	0	-1	-1	-1	-1	-1	-1	-1	-1	0	150	150
91	灵蛇战刃	0	0	0	0	27	1350	12	0	0	29	0	38	1	4	-1	0	0	0	0	-1	0	-1	0	-1	-1	-1	-1	-1	8	-1	-1	-1	0	-1	-1	-1	-1	-1	-1	-1	-1	0	150	150
92	灵蛇权杖	0	0	0	0	27	1430	12	0	0	29	1200	38	1	4	-1	0	0	0	0	-1	0	-1	0	-1	-1	-1	-1	-1	8	-1	-1	-1	0	-1	-1	-1	-1	-1	-1	-1	-1	0	150	150
93	灵蛇宝扇	0	0	0	0	27	1390	12	5	10	29	2400	38	1	4	-1	0	0	0	0	-1	0	-1	0	-1	-1	-1	-1	-1	8	-1	-1	-1	0	-1	-1	-1	-1	-1	-1	-1	-1	0	150	150
94	灵蛇战甲(男)	0	0	0	0	27	1310	12	0	0	29	1200	34	1	4	-1	0	0	0	0	-1	0	-1	0	-1	-1	-1	-1	-1	8	-1	-1	-1	0	-1	-1	-1	-1	-1	-1	-1	-1	0	150	150
95	灵蛇战甲(女)	0	0	0	0	27	1310	12	0	0	29	1800	34	1	4	-1	0	0	0	0	-1	0	-1	0	-1	-1	-1	-1	-1	8	-1	-1	-1	0	-1	-1	-1	-1	-1	-1	-1	-1	0	150	150
96	灵蛇战戒	1890	20	-33	-35	24	1890	20	-31	-36	24	-1	30	0	8	-1	0	0	0	0	-1	0	-1	0	-1	-1	-1	-1	-1	8	-1	-1	-1	0	-1	-1	-1	-1	-1	-1	-1	-1	0	150	150
97	灵蛇战盔	1890	20	-33	-35	24	1890	20	43	-45	24	-1	30	0	8	-1	0	0	0	0	-1	0	-1	0	-1	-1	-1	-1	-1	8	-1	-1	-1	0	-1	-1	-1	-1	-1	-1	-1	-1	0	150	150
98	神蛇战刃	0	0	0	0	27	1370	12	0	0	29	3600	38	1	4	-1	0	0	0	0	-1	0	-1	0	-1	-1	-1	-1	-1	8	-1	-1	-1	0	-1	-1	-1	-1	-1	-1	-1	-1	0	150	150
99	神蛇权杖	0	0	0	0	27	1450	10	77	55	29	4800	38	1	4	-1	0	0	0	0	-1	0	-1	0	-1	-1	-1	-1	-1	8	-1	-1	-1	0	-1	-1	-1	-1	-1	-1	-1	-1	0	150	150
100	神蛇宝扇	0	0	0	0	27	1410	12	0	10	29	6000	38	1	4	-1	0	0	0	0	-1	0	-1	0	-1	-1	-1	-1	-1	8	-1	-1	-1	0	-1	-1	-1	-1	-1	-1	-1	-1	0	150	150
101	神蛇战甲(男)	0	0	0	0	27	1330	12	0	0	29	2400	34	1	4	-1	0	0	0	0	-1	0	-1	0	-1	-1	-1	-1	-1	8	-1	-1	-1	0	-1	-1	-1	-1	-1	-1	-1	-1	0	150	150
102	神蛇战甲(女)	0	0	0	0	27	1330	12	0	0	29	3000	34	1	4	-1	0	0	0	0	-1	0	-1	0	-1	-1	-1	-1	-1	8	-1	-1	-1	0	-1	-1	-1	-1	-1	-1	-1	-1	0	150	150
103	神蛇项链(战)	720	26	15	14	29	720	26	16	14	29	-1	31	0	8	-1	0	0	0	0	-1	0	-1	0	-1	-1	-1	-1	-1	8	-1	-1	-1	0	-1	-1	-1	-1	-1	-1	-1	-1	0	150	150
104	神蛇护腕(战)	720	26	15	16	29	720	26	16	16	29	-1	31	0	8	-1	0	0	0	0	-1	0	-1	0	-1	-1	-1	-1	-1	8	-1	-1	-1	0	-1	-1	-1	-1	-1	-1	-1	-1	0	150	150
105	神蛇战戒	720	26	16	15	29	720	26	17	15	29	-1	31	0	8	-1	0	0	0	0	-1	0	-1	0	-1	-1	-1	-1	-1	8	-1	-1	-1	0	-1	-1	-1	-1	-1	-1	-1	-1	0	150	150
106	神蛇战盔	720	26	15	20	29	720	26	94	0	29	-1	31	0	8	-1	0	0	0	0	-1	0	-1	0	-1	-1	-1	-1	-1	8	-1	-1	-1	0	-1	-1	-1	-1	-1	-1	-1	-1	0	150	150
107	神蛇腰带(战)	720	26	15	15	29	720	26	16	15	29	-1	31	0	8	-1	0	0	0	0	-1	0	-1	0	-1	-1	-1	-1	-1	8	-1	-1	-1	0	-1	-1	-1	-1	-1	-1	-1	-1	0	150	150
108	神蛇战勋	720	26	15	13	29	720	26	16	13	29	-1	31	0	8	-1	0	0	0	0	-1	0	-1	0	-1	-1	-1	-1	-1	8	-1	-1	-1	0	-1	-1	-1	-1	-1	-1	-1	-1	0	150	150
109	雄霸天下战甲	0	0	0	0	29	0	0	0	0	29	8400	33	0	4	-1	0	0	0	0	-1	0	-1	0	-1	-1	-1	-1	-1	8	-1	-1	-1	0	-1	-1	-1	-1	-1	-1	-1	-1	0	150	150
110	雄霸天下战袍	0	0	0	0	29	0	0	0	0	29	9000	33	0	4	-1	0	0	0	0	-1	0	-1	0	-1	-1	-1	-1	-1	8	-1	-1	-1	0	-1	-1	-1	-1	-1	-1	-1	-1	0	150	150
111	传奇剑寒芒外形	0	0	0	0	25	760	8	0	0	29	10800	37	0	8	-1	0	0	0	0	-1	0	-1	0	-1	-1	-1	-1	-1	8	-1	-1	-1	0	-1	-1	-1	-1	-1	-1	-1	-1	0	150	150
112	传奇剑落星外形	0	0	0	0	25	770	8	0	0	29	14400	37	0	8	-1	0	0	0	0	-1	0	-1	0	-1	-1	-1	-1	-1	8	-1	-1	-1	0	-1	-1	-1	-1	-1	-1	-1	-1	0	150	150
113	传奇剑天成外形	0	0	0	0	25	780	8	0	0	29	18000	37	0	8	-1	0	0	0	0	-1	0	-1	0	-1	-1	-1	-1	-1	8	-1	-1	-1	0	-1	-1	-1	-1	-1	-1	-1	-1	0	150	150
114	传奇扇寒芒外形	0	0	0	0	25	800	10	0	0	29	12000	37	0	8	-1	0	0	0	0	-1	0	-1	0	-1	-1	-1	-1	-1	8	-1	-1	-1	0	-1	-1	-1	-1	-1	-1	-1	-1	0	150	150
115	传奇扇落星外形	0	0	0	0	25	810	10	0	0	29	15600	37	0	4	-1	0	0	0	0	-1	0	-1	0	-1	-1	-1	-1	-1	8	-1	-1	-1	0	-1	-1	-1	-1	-1	-1	-1	-1	0	150	150
116	传奇扇天成外形	0	0	0	0	25	820	10	0	0	29	19200	37	0	4	-1	0	0	0	0	-1	0	-1	0	-1	-1	-1	-1	-1	8	-1	-1	-1	0	-1	-1	-1	-1	-1	-1	-1	-1	0	150	150
117	传奇杖寒芒外形	0	0	0	0	25	840	10	0	0	29	13200	37	0	8	-1	0	0	0	0	-1	0	-1	0	-1	-1	-1	-1	-1	8	-1	-1	-1	0	-1	-1	-1	-1	-1	-1	-1	-1	0	150	150
118	传奇杖落星外形	0	0	0	0	25	850	10	0	0	29	16800	37	0	8	-1	0	0	0	0	-1	0	-1	0	-1	-1	-1	-1	-1	8	-1	-1	-1	0	-1	-1	-1	-1	-1	-1	-1	-1	0	150	150
119	传奇杖天成外形	0	0	0	0	25	860	10	0	0	29	20400	37	0	8	-1	0	0	0	0	-1	0	-1	0	-1	-1	-1	-1	-1	8	-1	-1	-1	0	-1	-1	-1	-1	-1	-1	-1	-1	0	150	150
120	皓月剑寒芒外形	0	0	0	0	25	880	18	0	0	29	0	37	0	8	-1	0	0	0	0	-1	0	-1	0	-1	-1	-1	-1	-1	8	-1	-1	-1	0	-1	-1	-1	-1	-1	-1	-1	-1	0	150	150
121	皓月剑落星外形	0	0	0	0	25	900	18	0	0	29	3600	37	0	8	-1	0	0	0	0	-1	0	-1	0	-1	-1	-1	-1	-1	8	-1	-1	-1	0	-1	-1	-1	-1	-1	-1	-1	-1	0	150	150
122	皓月剑天成外形	0	0	0	0	25	920	18	0	0	29	7200	37	0	8	-1	0	0	0	0	-1	0	-1	0	-1	-1	-1	-1	-1	8	-1	-1	-1	0	-1	-1	-1	-1	-1	-1	-1	-1	0	150	150
123	皓月杖寒芒外形	0	0	0	0	25	1020	18	0	0	29	1200	37	0	8	-1	0	0	0	0	-1	0	-1	0	-1	-1	-1	-1	-1	8	-1	-1	-1	0	-1	-1	-1	-1	-1	-1	-1	-1	0	150	150
124	皓月杖落星外形	0	0	0	0	25	1040	18	0	0	29	4800	37	0	8	-1	0	0	0	0	-1	0	-1	0	-1	-1	-1	-1	-1	8	-1	-1	-1	0	-1	-1	-1	-1	-1	-1	-1	-1	0	150	150
125	皓月杖天成外形	0	0	0	0	25	1060	18	0	0	29	8400	37	0	8	-1	0	0	0	0	-1	0	-1	0	-1	-1	-1	-1	-1	8	-1	-1	-1	0	-1	-1	-1	-1	-1	-1	-1	-1	0	150	150
126	皓月扇寒芒外形	0	0	0	0	25	950	18	0	0	29	2400	37	0	8	-1	0	0	0	0	-1	0	-1	0	-1	-1	-1	-1	-1	8	-1	-1	-1	0	-1	-1	-1	-1	-1	-1	-1	-1	0	150	150
127	皓月扇落星外形	0	0	0	0	25	970	18	0	0	29	6000	37	0	8	-1	0	0	0	0	-1	0	-1	0	-1	-1	-1	-1	-1	8	-1	-1	-1	0	-1	-1	-1	-1	-1	-1	-1	-1	0	150	150
128	皓月扇天成外形	0	0	0	0	25	990	18	0	0	29	9600	37	0	8	-1	0	0	0	0	-1	0	-1	0	-1	-1	-1	-1	-1	8	-1	-1	-1	0	-1	-1	-1	-1	-1	-1	-1	-1	0	150	150
129	神龙剑落星外形	0	0	0	0	25	1090	10	0	0	29	21600	37	0	8	-1	0	0	0	0	-1	0	-1	0	-1	-1	-1	-1	-1	8	-1	-1	-1	0	-1	-1	-1	-1	-1	-1	-1	-1	0	150	150
130	神龙剑天成外形	0	0	0	0	25	1100	10	0	0	29	25200	37	0	8	-1	0	0	0	0	-1	0	-1	0	-1	-1	-1	-1	-1	8	-1	-1	-1	0	-1	-1	-1	-1	-1	-1	-1	-1	0	150	150
131	神龙杖落星外形	0	0	0	0	25	1170	10	0	0	29	22800	37	0	8	-1	0	0	0	0	-1	0	-1	0	-1	-1	-1	-1	-1	8	-1	-1	-1	0	-1	-1	-1	-1	-1	-1	-1	-1	0	150	150
132	神龙杖天成外形	0	0	0	0	25	1180	10	0	0	29	26400	37	0	8	-1	0	0	0	0	-1	0	-1	0	-1	-1	-1	-1	-1	8	-1	-1	-1	0	-1	-1	-1	-1	-1	-1	-1	-1	0	150	150
133	神龙扇落星外形	0	0	0	0	25	1120	11	0	0	29	24000	37	0	8	-1	0	0	0	0	-1	0	-1	0	-1	-1	-1	-1	-1	8	-1	-1	-1	0	-1	-1	-1	-1	-1	-1	-1	-1	0	150	150
134	神龙扇天成外形	0	0	0	0	25	1140	11	0	0	29	27600	37	0	8	-1	0	0	0	0	-1	0	-1	0	-1	-1	-1	-1	-1	8	-1	-1	-1	0	-1	-1	-1	-1	-1	-1	-1	-1	0	150	150
135	光辉战刃	0	0	0	0	21	2050	11	-68	-160	29	15600	40	0	8	-1	0	0	0	0	-1	0	-1	0	-1	-1	-1	-1	-1	8	-1	-1	-1	0	-1	-1	-1	-1	-1	-1	-1	-1	0	150	150
136	光辉权杖	0	0	0	0	21	2010	12	-68	-160	29	18000	40	0	4	-1	0	0	0	0	-1	0	-1	0	-1	-1	-1	-1	-1	8	-1	-1	-1	0	-1	-1	-1	-1	-1	-1	-1	-1	0	150	150
137	光辉宝扇	0	0	0	0	21	1930	12	-83	-195	29	20400	40	0	8	-1	0	0	0	0	-1	0	-1	0	-1	-1	-1	-1	-1	8	-1	-1	-1	0	-1	-1	-1	-1	-1	-1	-1	-1	0	150	150
138	光耀战刃	0	0	0	0	21	2030	12	-70	-156	29	20400	40	0	8	-1	0	0	0	0	-1	0	-1	0	-1	-1	-1	-1	-1	8	-1	-1	-1	0	-1	-1	-1	-1	-1	-1	-1	-1	0	150	150
139	光耀权杖	0	0	0	0	21	1990	12	-70	-156	29	16800	40	0	8	-1	0	0	0	0	-1	0	-1	0	-1	-1	-1	-1	-1	8	-1	-1	-1	0	-1	-1	-1	-1	-1	-1	-1	-1	0	150	150
140	光耀宝扇	0	0	0	0	21	1910	12	-85	-195	29	19200	40	0	8	-1	0	0	0	0	-1	0	-1	0	-1	-1	-1	-1	-1	8	-1	-1	-1	0	-1	-1	-1	-1	-1	-1	-1	-1	0	150	150
141	灵马战斧	0	0	0	0	21	2070	20	80	25	29	1200	39	0	8	-1	0	0	0	0	-1	0	-1	0	-1	-1	-1	-1	-1	8	-1	-1	-1	0	-1	-1	-1	-1	-1	-1	-1	-1	0	150	150
142	天马战斧	0	0	0	0	21	2090	20	85	50	29	2400	39	0	8	-1	0	0	0	0	-1	0	-1	0	-1	-1	-1	-1	-1	8	-1	-1	-1	0	-1	-1	-1	-1	-1	-1	-1	-1	0	150	150
143	灵马权杖	0	0	0	0	21	2110	10	0	0	29	4800	39	0	8	-1	0	0	0	0	-1	0	-1	0	-1	-1	-1	-1	-1	8	-1	-1	-1	0	-1	-1	-1	-1	-1	-1	-1	-1	0	150	150
144	天马权杖	0	0	0	0	21	2120	10	56	0	29	6000	39	0	8	-1	0	0	0	0	-1	0	-1	0	-1	-1	-1	-1	-1	8	-1	-1	-1	0	-1	-1	-1	-1	-1	-1	-1	-1	0	150	150
145	灵马道剑	0	0	0	0	21	2130	10	80	40	29	8400	39	0	8	-1	0	0	0	0	-1	0	-1	0	-1	-1	-1	-1	-1	8	-1	-1	-1	0	-1	-1	-1	-1	-1	-1	-1	-1	0	150	150
146	天马道剑	0	0	0	0	21	2150	14	85	45	29	9600	39	0	8	-1	0	0	0	0	-1	0	-1	0	-1	-1	-1	-1	-1	8	-1	-1	-1	0	-1	-1	-1	-1	-1	-1	-1	-1	0	150	150
147	天马战甲(男)	0	0	0	0	21	2230	15	80	25	29	0	35	0	4	-1	0	0	0	0	-1	0	-1	0	-1	-1	-1	-1	-1	8	-1	-1	-1	0	-1	-1	-1	-1	-1	-1	-1	-1	0	150	150
148	灵马战盔	640	9	10	10	21	580	10	72	-14	29	-1	31	0	8	-1	0	0	0	0	-1	0	-1	0	-1	-1	-1	-1	-1	8	-1	-1	-1	0	-1	-1	-1	-1	-1	-1	-1	-1	0	150	150
149	灵马项链(战)	640	9	10	10	21	550	10	-4	-4	29	-1	31	0	8	-1	0	0	0	0	-1	0	-1	0	-1	-1	-1	-1	-1	8	-1	-1	-1	0	-1	-1	-1	-1	-1	-1	-1	-1	0	150	150
150	灵马护腕(战)	640	9	10	10	21	540	10	-4	-4	29	-1	31	0	8	-1	0	0	0	0	-1	0	-1	0	-1	-1	-1	-1	-1	8	-1	-1	-1	0	-1	-1	-1	-1	-1	-1	-1	-1	0	150	150
151	灵马战戒	640	9	10	10	21	530	10	-4	-4	29	-1	31	0	8	-1	0	0	0	0	-1	0	-1	0	-1	-1	-1	-1	-1	8	-1	-1	-1	0	-1	-1	-1	-1	-1	-1	-1	-1	0	150	150
152	灵马腰带(战)	640	9	10	10	21	570	10	-4	-4	29	-1	31	0	8	-1	0	0	0	0	-1	0	-1	0	-1	-1	-1	-1	-1	8	-1	-1	-1	0	-1	-1	-1	-1	-1	-1	-1	-1	0	150	150
153	灵马战靴	640	9	10	10	21	560	10	-4	-4	29	-1	31	0	8	-1	0	0	0	0	-1	0	-1	0	-1	-1	-1	-1	-1	8	-1	-1	-1	0	-1	-1	-1	-1	-1	-1	-1	-1	0	150	150
154	灵马战勋	640	9	10	10	21	590	10	-4	-4	29	-1	31	0	8	-1	0	0	0	0	-1	0	-1	0	-1	-1	-1	-1	-1	8	-1	-1	-1	0	-1	-1	-1	-1	-1	-1	-1	-1	0	150	150
155	天马战盔	640	9	10	10	21	720	26	95	0	29	-1	31	0	8	-1	0	0	0	0	-1	0	-1	0	-1	-1	-1	-1	-1	8	-1	-1	-1	0	-1	-1	-1	-1	-1	-1	-1	-1	0	150	150
156	天马项链(战)	640	9	10	10	21	720	26	20	10	29	-1	31	0	8	-1	0	0	0	0	-1	0	-1	0	-1	-1	-1	-1	-1	8	-1	-1	-1	0	-1	-1	-1	-1	-1	-1	-1	-1	0	150	150
157	龙腾天下(男)	0	0	0	0	21	1460	18	0	0	29	3600	34	0	4	-1	0	0	0	0	-1	0	-1	0	-1	-1	-1	-1	-1	8	-1	-1	-1	0	-1	-1	-1	-1	-1	-1	-1	-1	0	150	150
158	神圣天龙(男)	0	0	0	0	21	3968	18	0	0	25	-1	30	0	8	-1	0	0	0	0	-1	0	-1	0	-1	-1	-1	-1	-1	8	-1	-1	-1	0	-1	-1	-1	-1	-1	-1	-1	-1	0	150	150
159	九天彩凤(男)	0	0	0	0	21	3950	18	0	0	25	-1	30	0	8	-1	0	0	0	0	-1	0	-1	0	-1	-1	-1	-1	-1	8	-1	-1	-1	0	-1	-1	-1	-1	-1	-1	-1	-1	0	150	150
160	银装素裹(人)	65535	0	0	0	21	65535	0	0	0	21	2400	31	0	8	-1	0	0	0	0	-1	0	-1	0	-1	-1	-1	-1	-1	8	-1	-1	-1	0	-1	-1	-1	-1	-1	-1	-1	-1	0	150	150
161	粉妆玉砌(人)	65535	0	0	0	21	65535	0	0	0	21	3000	31	0	8	-1	0	0	0	0	-1	0	-1	0	-1	-1	-1	-1	-1	8	-1	-1	-1	0	-1	-1	-1	-1	-1	-1	-1	-1	0	150	150
162	城主战袍(男)	65535	0	0	0	29	3680	8	0	0	25	12000	32	0	8	-1	0	0	0	0	-1	0	-1	0	-1	-1	-1	-1	-1	8	-1	-1	-1	0	-1	-1	-1	-1	-1	-1	-1	-1	0	150	150
163	城主战袍(女)	65535	0	0	0	29	3690	8	0	0	25	12000	32	0	8	-1	0	0	0	0	-1	0	-1	0	-1	-1	-1	-1	-1	8	-1	-1	-1	0	-1	-1	-1	-1	-1	-1	-1	-1	0	150	150
164	人之巅峰勋章	3910	10	0	0	25	3910	10	0	0	25	-1	31	0	8	-1	0	0	0	0	-1	0	-1	0	-1	-1	-1	-1	-1	8	-1	-1	-1	0	-1	-1	-1	-1	-1	-1	-1	-1	0	150	150
165	至尊巅峰勋章	3910	10	0	0	25	720	26	20	10	29	-1	31	0	8	-1	0	0	0	0	-1	0	-1	0	-1	-1	-1	-1	-1	8	-1	-1	-1	0	-1	-1	-1	-1	-1	-1	-1	-1	0	150	150
166	冷月(魔)	720	26	16	15	29	2293	10	0	0	29	3600	40	0	8	-1	0	0	0	0	-1	0	-1	0	-1	-1	-1	-1	-1	8	-1	-1	-1	0	-1	-1	-1	-1	-1	-1	-1	-1	0	150	150
167	王者无双(男)	65535	0	0	0	21	1500	10	0	0	29	0	43	0	4	-1	0	0	0	0	-1	0	-1	0	-1	-1	-1	-1	-1	8	-1	-1	-1	0	-1	-1	-1	-1	-1	-1	-1	-1	0	150	150
168	冷月(战)	720	26	16	15	29	2465	10	0	0	29	10800	40	0	8	-1	0	0	0	0	-1	0	-1	0	-1	-1	-1	-1	-1	8	-1	-1	-1	0	-1	-1	-1	-1	-1	-1	-1	-1	0	150	150
169	冷月(道)	720	26	16	15	29	2455	10	90	20	29	9600	40	0	8	-1	0	0	0	0	-1	0	-1	0	-1	-1	-1	-1	-1	8	-1	-1	-1	0	-1	-1	-1	-1	-1	-1	-1	-1	0	150	150
170	灵羊战刃	0	0	0	0	21	2250	14	80	30	29	0	42	0	4	-1	0	0	0	0	1200	47	6000	48	-1	-1	-1	-1	-1	8	-1	-1	-1	0	-1	-1	-1	-1	-1	-1	-1	-1	0	150	150
171	神羊战刃	0	0	0	0	21	2268	14	77	15	29	1200	42	0	4	-1	0	0	0	0	2400	47	8000	48	-1	-1	-1	-1	-1	8	-1	-1	-1	0	-1	-1	-1	-1	-1	-1	-1	-1	0	150	150
172	灵羊法杖	0	0	0	0	21	2286	14	75	50	29	4800	42	0	4	-1	0	0	0	0	8400	47	26000	48	-1	-1	-1	-1	-1	8	-1	-1	-1	0	-1	-1	-1	-1	-1	-1	-1	-1	0	150	150
173	神羊法杖	0	0	0	0	21	2304	14	75	40	29	6000	42	0	4	-1	0	0	0	0	9600	47	28000	48	-1	-1	-1	-1	-1	8	-1	-1	-1	0	-1	-1	-1	-1	-1	-1	-1	-1	0	150	150
174	灵羊道剑	0	0	0	0	21	2322	11	80	30	29	2400	42	0	4	-1	0	0	0	0	4800	47	12000	48	-1	-1	-1	-1	-1	8	-1	-1	-1	0	-1	-1	-1	-1	-1	-1	-1	-1	0	150	150
175	神羊道剑	0	0	0	0	21	2340	11	70	30	29	3600	42	0	4	-1	0	0	0	0	6000	47	16000	48	-1	-1	-1	-1	-1	8	-1	-1	-1	0	-1	-1	-1	-1	-1	-1	-1	-1	0	150	150
176	灵羊战甲(男)	0	0	0	0	21	2394	10	85	60	29	0	41	0	4	-1	0	0	0	0	1200	44	4000	45	-1	-1	-1	-1	-1	8	-1	-1	-1	0	-1	-1	-1	-1	-1	-1	-1	-1	0	150	150
177	神羊战甲(男)	0	0	0	0	21	2405	10	85	60	29	1200	41	0	4	-1	0	0	0	0	1200	44	8000	45	-1	-1	-1	-1	-1	8	-1	-1	-1	0	-1	-1	-1	-1	-1	-1	-1	-1	0	150	150
178	灵羊道袍(男)	0	0	0	0	21	2520	10	85	60	29	2400	41	0	4	-1	0	0	0	0	4800	44	16000	45	-1	-1	-1	-1	-1	8	-1	-1	-1	0	-1	-1	-1	-1	-1	-1	-1	-1	0	150	150
179	神羊道袍(男)	0	0	0	0	21	2574	10	85	75	29	3600	41	0	4	-1	0	0	0	0	6000	44	20000	45	-1	-1	-1	-1	-1	8	-1	-1	-1	0	-1	-1	-1	-1	-1	-1	-1	-1	0	150	150
180	神羊道袍(女)	0	0	0	0	21	2538	10	85	75	29	4200	41	0	4	-1	0	0	0	0	6600	44	22000	45	-1	-1	-1	-1	-1	8	-1	-1	-1	0	-1	-1	-1	-1	-1	-1	-1	-1	0	150	150
181	灵羊魔衣(男)	0	0	0	0	21	2448	10	85	60	29	4800	41	0	4	-1	0	0	0	0	9600	44	28000	45	-1	-1	-1	-1	-1	8	-1	-1	-1	0	-1	-1	-1	-1	-1	-1	-1	-1	0	150	150
182	神羊魔衣(男)	0	0	0	0	21	2466	10	85	60	29	6000	41	0	4	-1	0	0	0	0	9600	44	32000	45	-1	-1	-1	-1	-1	8	-1	-1	-1	0	-1	-1	-1	-1	-1	-1	-1	-1	0	150	150
183	灵羊战戒	640	26	16	16	29	640	26	16	16	29	-1	31	0	8	-1	0	0	0	0	10200	44	32000	45	-1	-1	-1	-1	-1	8	-1	-1	-1	0	-1	-1	-1	-1	-1	-1	-1	-1	0	150	150
184	金羊之戒	680	26	16	16	29	680	26	16	16	29	-1	31	0	8	-1	0	0	0	0	-1	0	-1	0	-1	-1	-1	-1	-1	8	-1	-1	-1	0	-1	-1	-1	-1	-1	-1	-1	-1	0	150	150
185	金羊之冠	680	26	16	16	29	680	26	93	5	29	-1	31	0	8	-1	0	0	0	0	-1	0	-1	0	-1	-1	-1	-1	-1	8	-1	-1	-1	0	-1	-1	-1	-1	-1	-1	-1	-1	0	150	150
186	灵猴战刃	0	0	0	0	-1	2660	14	80	20	29	7200	42	0	4	-1	0	0	0	0	12000	47	38000	48	-1	-1	-1	-1	-1	8	-1	-1	-1	0	-1	-1	-1	-1	-1	-1	-1	-1	0	150	150
187	神猴战刃	0	0	0	0	-1	2680	14	75	20	29	7800	42	0	4	-1	0	0	0	0	13200	47	40000	48	-1	-1	-1	-1	-1	8	-1	-1	-1	0	-1	-1	-1	-1	-1	-1	-1	-1	0	150	150
188	灵猴法杖	0	0	0	0	-1	2700	10	80	20	29	12000	42	0	4	-1	0	0	0	0	18600	47	62000	48	-1	-1	-1	-1	-1	8	-1	-1	-1	0	-1	-1	-1	-1	-1	-1	-1	-1	0	150	150
189	神猴法杖	0	0	0	0	-1	2710	10	80	20	29	13200	42	0	8	-1	0	0	0	0	19200	47	64000	48	-1	-1	-1	-1	-1	8	-1	-1	-1	0	-1	-1	-1	-1	-1	-1	-1	-1	0	150	150
190	灵猴道剑	0	0	0	0	-1	2720	10	80	40	29	9600	42	0	4	-1	0	0	0	0	15600	47	50000	48	-1	-1	-1	-1	-1	8	-1	-1	-1	0	-1	-1	-1	-1	-1	-1	-1	-1	0	150	150
191	神猴道剑	0	0	0	0	-1	2740	10	80	40	29	10800	42	0	4	-1	0	0	0	0	16800	47	52000	48	-1	-1	-1	-1	-1	8	-1	-1	-1	0	-1	-1	-1	-1	-1	-1	-1	-1	0	150	150
192	灵猴战甲(男)	0	0	0	0	255	2804	14	84	20	29	7200	41	0	4	-1	0	0	0	0	-1	0	-1	0	-1	-1	-1	-1	-1	8	-1	-1	-1	0	-1	-1	-1	-1	-1	-1	-1	-1	0	150	150
193	神猴战甲(男)	0	0	0	0	4	2820	14	83	20	29	9000	41	0	4	26000	46	0	0	0	12000	44	40000	45	-1	-1	-1	-1	-1	8	-1	-1	-1	0	-1	-1	-1	-1	-1	-1	-1	-1	0	150	150
194	神猴战甲(女)	0	0	0	0	-1	2860	14	83	20	29	9000	41	0	4	-1	0	0	0	0	13800	44	40000	45	-1	-1	-1	-1	-1	8	-1	-1	-1	0	-1	-1	-1	-1	-1	-1	-1	-1	0	150	150
195	灵猴道袍(男)	0	0	0	0	255	2964	10	80	20	29	9600	41	0	4	-1	0	0	0	0	-1	0	-1	0	-1	-1	-1	-1	-1	8	-1	-1	-1	0	-1	-1	-1	-1	-1	-1	-1	-1	0	150	150
196	灵猴道袍(女)	0	0	0	0	255	2964	10	80	20	29	10800	41	0	4	-1	0	0	0	0	-1	0	-1	0	-1	-1	-1	-1	-1	8	-1	-1	-1	0	-1	-1	-1	-1	-1	-1	-1	-1	0	150	150
197	神猴道袍(男)	0	0	0	0	-1	2980	10	83	33	29	10200	41	0	4	34000	46	0	0	0	15600	44	-1	45	-1	-1	-1	-1	-1	8	-1	-1	-1	0	-1	-1	-1	-1	-1	-1	-1	-1	0	150	150
198	神猴道袍(女)	0	0	0	0	-1	2980	10	83	33	29	11400	41	0	4	34000	46	0	0	0	17400	44	58000	45	-1	-1	-1	-1	-1	8	-1	-1	-1	0	-1	-1	-1	-1	-1	-1	-1	-1	0	150	150
199	灵猴魔衣(男)	0	0	0	0	255	2884	14	83	28	29	12000	41	0	4	-1	0	0	0	0	-1	0	-1	0	-1	-1	-1	-1	-1	8	-1	-1	-1	0	-1	-1	-1	-1	-1	-1	-1	-1	0	150	150
200	灵猴魔衣(女)	0	0	0	0	-1	2884	14	83	28	29	14400	41	0	4	46000	46	0	0	0	19200	44	64001	45	-1	-1	-1	-1	-1	8	-1	-1	-1	0	-1	-1	-1	-1	-1	-1	-1	-1	0	150	150
201	神猴魔衣(男)	0	0	0	0	-1	2900	14	82	28	29	12600	41	0	4	46000	46	0	0	0	19200	44	64000	45	-1	-1	-1	-1	-1	8	-1	-1	-1	0	-1	-1	-1	-1	-1	-1	-1	-1	0	150	150
202	神猴魔衣(女)	0	0	0	0	-1	2900	14	82	28	29	13800	41	0	4	46000	0	0	0	0	21000	44	70000	45	-1	-1	-1	-1	-1	8	-1	-1	-1	0	-1	-1	-1	-1	-1	-1	-1	-1	0	150	150
203	金猴腰带(战)	0	0	0	0	4	720	26	10	20	29	-1	22	0	8	-1	0	0	0	0	-1	0	-1	0	-1	-1	-1	-1	-1	8	-1	-1	-1	0	-1	-1	-1	-1	-1	-1	-1	-1	0	150	150
204	斗战胜佛战刃	0	0	0	0	4	3120	10	75	20	29	14400	42	0	8	-1	0	0	0	0	21600	47	72000	48	-1	-1	-1	-1	-1	8	-1	-1	-1	0	-1	-1	-1	-1	-1	-1	-1	-1	0	150	150
205	斗战胜佛战男	0	0	0	0	4	3140	10	75	20	29	14400	41	0	4	-1	0	0	0	0	21600	44	72000	45	-1	-1	-1	-1	-1	8	-1	-1	-1	0	-1	-1	-1	-1	-1	-1	-1	-1	0	150	150
206	斗战胜佛战女	0	0	0	0	4	3150	10	75	20	29	14400	41	0	4	-1	0	0	0	0	22200	44	72000	45	-1	-1	-1	-1	-1	8	-1	-1	-1	0	-1	-1	-1	-1	-1	-1	-1	-1	0	150	150
207	斗战胜佛战带	0	0	0	0	4	720	26	10	20	29	65535	22	0	8	-1	0	0	0	0	-1	0	-1	0	-1	-1	-1	-1	-1	8	-1	-1	-1	0	-1	-1	-1	-1	-1	-1	-1	-1	0	150	150
208	斗战胜佛战盔	0	0	0	0	255	3150	10	-60	-80	29	65535	255	0	8	-1	255	0	0	0	-1	0	-1	0	-1	-1	-1	-1	-1	8	-1	-1	-1	0	-1	-1	-1	-1	-1	-1	-1	-1	0	150	150
209	传奇神甲(男)_寒芒	65535	0	0	0	21	65535	0	0	0	21	3600	33	0	8	-1	0	0	0	0	-1	0	-1	0	-1	-1	-1	-1	-1	8	-1	-1	-1	0	-1	-1	-1	-1	-1	-1	-1	-1	0	150	150
210	传奇神甲(男)_落星	65535	0	0	0	21	65535	0	0	0	21	4800	33	0	8	-1	0	0	0	0	-1	0	-1	0	-1	-1	-1	-1	-1	8	-1	-1	-1	0	-1	-1	-1	-1	-1	-1	-1	-1	0	150	150
211	传奇神甲(男)_天成	65535	0	0	0	21	65535	0	0	0	21	6000	33	0	8	-1	0	0	0	0	-1	0	-1	0	-1	-1	-1	-1	-1	8	-1	-1	-1	0	-1	-1	-1	-1	-1	-1	-1	-1	0	150	150
212	传奇神甲(女)_寒芒	65535	0	0	0	21	65535	0	0	0	21	4200	33	0	8	-1	0	0	0	0	-1	0	-1	0	-1	-1	-1	-1	-1	8	-1	-1	-1	0	-1	-1	-1	-1	-1	-1	-1	-1	0	150	150
213	传奇神甲(女)_落星	65535	0	0	0	21	65535	0	0	0	21	5400	33	0	8	-1	0	0	0	0	-1	0	-1	0	-1	-1	-1	-1	-1	8	-1	-1	-1	0	-1	-1	-1	-1	-1	-1	-1	-1	0	150	150
214	传奇神甲(女)_天成	65535	0	0	0	21	65535	0	0	0	21	6600	33	0	8	-1	0	0	0	0	-1	0	-1	0	-1	-1	-1	-1	-1	8	-1	-1	-1	0	-1	-1	-1	-1	-1	-1	-1	-1	0	150	150
215	传奇神剑_寒芒	65535	0	0	0	21	760	8	0	0	29	10800	37	0	8	-1	0	0	0	0	-1	0	-1	0	-1	-1	-1	-1	-1	8	-1	-1	-1	0	-1	-1	-1	-1	-1	-1	-1	-1	0	150	150
216	传奇神剑_落星	65535	0	0	0	21	770	8	0	0	29	14400	37	0	8	-1	0	0	0	0	-1	0	-1	0	-1	-1	-1	-1	-1	8	-1	-1	-1	0	-1	-1	-1	-1	-1	-1	-1	-1	0	150	150
217	传奇神剑_天成	65535	0	0	0	21	780	8	0	0	29	18000	37	0	8	-1	0	0	0	0	-1	0	-1	0	-1	-1	-1	-1	-1	8	-1	-1	-1	0	-1	-1	-1	-1	-1	-1	-1	-1	0	150	150
218	传奇宝扇_寒芒	65535	0	0	0	21	800	10	0	0	29	12000	37	0	8	-1	0	0	0	0	-1	0	-1	0	-1	-1	-1	-1	-1	8	-1	-1	-1	0	-1	-1	-1	-1	-1	-1	-1	-1	0	150	150
219	传奇宝扇_落星	65535	0	0	0	21	810	10	0	0	29	15600	37	0	8	-1	0	0	0	0	-1	0	-1	0	-1	-1	-1	-1	-1	8	-1	-1	-1	0	-1	-1	-1	-1	-1	-1	-1	-1	0	150	150
220	传奇宝扇_天成	65535	0	0	0	21	820	10	0	0	29	19200	37	0	8	-1	0	0	0	0	-1	0	-1	0	-1	-1	-1	-1	-1	8	-1	-1	-1	0	-1	-1	-1	-1	-1	-1	-1	-1	0	150	150
221	传奇魔杖_寒芒	65535	0	0	0	21	840	10	0	0	29	13200	37	0	8	-1	0	0	0	0	-1	0	-1	0	-1	-1	-1	-1	-1	8	-1	-1	-1	0	-1	-1	-1	-1	-1	-1	-1	-1	0	150	150
222	传奇魔杖_落星	65535	0	0	0	21	850	10	0	0	29	16800	37	0	8	-1	0	0	0	0	-1	0	-1	0	-1	-1	-1	-1	-1	8	-1	-1	-1	0	-1	-1	-1	-1	-1	-1	-1	-1	0	150	150
223	传奇魔杖_天成	65535	0	0	0	21	860	10	0	0	29	20400	37	0	8	-1	0	0	0	0	-1	0	-1	0	-1	-1	-1	-1	-1	8	-1	-1	-1	0	-1	-1	-1	-1	-1	-1	-1	-1	0	150	150
224	极品传奇神剑_落星	65535	0	0	0	21	770	0	0	0	29	14400	37	0	8	-1	0	0	0	0	-1	0	-1	0	-1	-1	-1	-1	-1	8	-1	-1	-1	0	-1	-1	-1	-1	-1	-1	-1	-1	0	150	150
225	极品传奇神剑_天成	65535	0	0	0	21	780	0	0	0	29	18000	37	0	8	-1	0	0	0	0	-1	0	-1	0	-1	-1	-1	-1	-1	8	-1	-1	-1	0	-1	-1	-1	-1	-1	-1	-1	-1	0	150	150
226	皓月神剑_寒芒	65535	0	0	0	21	880	18	0	0	29	0	37	0	8	-1	0	0	0	0	-1	0	-1	0	-1	-1	-1	-1	-1	8	-1	-1	-1	0	-1	-1	-1	-1	-1	-1	-1	-1	0	150	150
227	皓月神剑_落星	65535	0	0	0	21	900	18	0	0	29	3600	37	0	8	-1	0	0	0	0	-1	0	-1	0	-1	-1	-1	-1	-1	8	-1	-1	-1	0	-1	-1	-1	-1	-1	-1	-1	-1	0	150	150
228	皓月神剑_天成	65535	0	0	0	21	920	18	0	0	29	7200	37	0	8	-1	0	0	0	0	-1	0	-1	0	-1	-1	-1	-1	-1	8	-1	-1	-1	0	-1	-1	-1	-1	-1	-1	-1	-1	0	150	150
229	皓月魔杖_寒芒	65535	0	0	0	21	1020	18	0	0	29	1200	37	0	8	-1	0	0	0	0	-1	0	-1	0	-1	-1	-1	-1	-1	8	-1	-1	-1	0	-1	-1	-1	-1	-1	-1	-1	-1	0	150	150
230	皓月魔杖_落星	65535	0	0	0	21	1040	18	0	0	29	4800	37	0	8	-1	0	0	0	0	-1	0	-1	0	-1	-1	-1	-1	-1	8	-1	-1	-1	0	-1	-1	-1	-1	-1	-1	-1	-1	0	150	150
231	皓月魔杖_天成	65535	0	0	0	21	1060	18	0	0	29	8400	37	0	8	-1	0	0	0	0	-1	0	-1	0	-1	-1	-1	-1	-1	8	-1	-1	-1	0	-1	-1	-1	-1	-1	-1	-1	-1	0	150	150
232	皓月羽扇_寒芒	65535	0	0	0	21	950	18	0	0	29	2400	37	0	8	-1	0	0	0	0	-1	0	-1	0	-1	-1	-1	-1	-1	8	-1	-1	-1	0	-1	-1	-1	-1	-1	-1	-1	-1	0	150	150
233	皓月羽扇_落星	65535	0	0	0	21	970	18	0	0	29	6000	37	0	8	-1	0	0	0	0	-1	0	-1	0	-1	-1	-1	-1	-1	8	-1	-1	-1	0	-1	-1	-1	-1	-1	-1	-1	-1	0	150	150
234	皓月羽扇_天成	65535	0	0	0	21	990	18	0	0	29	9600	37	0	8	-1	0	0	0	0	-1	0	-1	0	-1	-1	-1	-1	-1	8	-1	-1	-1	0	-1	-1	-1	-1	-1	-1	-1	-1	0	150	150
235	皓月战甲(男)_寒芒	65535	0	0	0	21	1200	10	0	0	29	0	33	1	4	-1	0	0	0	0	-1	0	-1	0	-1	-1	-1	-1	-1	8	-1	-1	-1	0	-1	-1	-1	-1	-1	-1	-1	-1	0	150	150
236	皓月战甲(男)_落星	65535	0	0	0	21	1230	10	0	1	29	1200	33	0	4	-1	0	0	0	0	-1	0	-1	0	-1	-1	-1	-1	-1	8	-1	-1	-1	0	-1	-1	-1	-1	-1	-1	-1	-1	0	150	150
237	皓月战甲(男)_天成	65535	0	0	0	21	1260	10	0	0	29	2400	33	1	4	-1	0	0	0	0	-1	0	-1	0	-1	-1	-1	-1	-1	8	-1	-1	-1	0	-1	-1	-1	-1	-1	-1	-1	-1	0	150	150
238	皓月战甲(女)_寒芒	65535	0	0	0	21	1210	10	0	0	29	600	33	1	4	-1	0	0	0	0	-1	0	-1	0	-1	-1	-1	-1	-1	8	-1	-1	-1	0	-1	-1	-1	-1	-1	-1	-1	-1	0	150	150
239	皓月战甲(女)_落星	65535	0	0	0	21	1240	10	0	1	29	1800	33	0	4	-1	0	0	0	0	-1	0	-1	0	-1	-1	-1	-1	-1	8	-1	-1	-1	0	-1	-1	-1	-1	-1	-1	-1	-1	0	150	150
240	皓月战甲(女)_天成	65535	0	0	0	21	1270	10	0	0	29	3000	33	1	4	-1	0	0	0	0	-1	0	-1	0	-1	-1	-1	-1	-1	8	-1	-1	-1	0	-1	-1	-1	-1	-1	-1	-1	-1	0	150	150
241	皓尊宝扇_寒芒	65535	0	0	0	21	950	18	0	0	29	2400	37	0	4	-1	0	0	0	0	-1	0	-1	0	-1	-1	-1	-1	-1	8	-1	-1	-1	0	-1	-1	-1	-1	-1	-1	-1	-1	0	150	150
242	皓尊宝扇_落星	65535	0	0	0	21	970	18	0	0	29	6000	37	0	4	-1	0	0	0	0	-1	0	-1	0	-1	-1	-1	-1	-1	8	-1	-1	-1	0	-1	-1	-1	-1	-1	-1	-1	-1	0	150	150
243	皓尊宝扇_天成	65535	0	0	0	21	990	18	0	0	29	9600	37	0	4	-1	0	0	0	0	-1	0	-1	0	-1	-1	-1	-1	-1	8	-1	-1	-1	0	-1	-1	-1	-1	-1	-1	-1	-1	0	150	150
244	神龙战刃_寒芒	65535	0	0	0	21	65535	10	0	0	29	-1	37	0	8	-1	0	0	0	0	-1	0	-1	0	-1	-1	-1	-1	-1	8	-1	-1	-1	0	-1	-1	-1	-1	-1	-1	-1	-1	0	150	150
245	神龙战刃_落星	65535	0	0	0	21	1090	10	0	0	29	21600	37	0	8	-1	0	0	0	0	-1	0	-1	0	-1	-1	-1	-1	-1	8	-1	-1	-1	0	-1	-1	-1	-1	-1	-1	-1	-1	0	150	150
246	神龙战刃_天成	65535	0	0	0	21	1100	10	0	0	29	25200	37	0	8	-1	0	0	0	0	-1	0	-1	0	-1	-1	-1	-1	-1	8	-1	-1	-1	0	-1	-1	-1	-1	-1	-1	-1	-1	0	150	150
247	神龙权杖_落星	65535	0	0	0	21	1170	10	0	0	29	22800	37	0	8	-1	0	0	0	0	-1	0	-1	0	-1	-1	-1	-1	-1	8	-1	-1	-1	0	-1	-1	-1	-1	-1	-1	-1	-1	0	150	150
248	神龙权杖_天成	65535	0	0	0	21	1180	10	0	0	29	26400	37	0	8	-1	0	0	0	0	-1	0	-1	0	-1	-1	-1	-1	-1	8	-1	-1	-1	0	-1	-1	-1	-1	-1	-1	-1	-1	0	150	150
249	神龙宝扇_落星	65535	0	0	0	21	1120	11	0	0	29	24000	37	0	8	-1	0	0	0	0	-1	0	-1	0	-1	-1	-1	-1	-1	8	-1	-1	-1	0	-1	-1	-1	-1	-1	-1	-1	-1	0	150	150
250	神龙宝扇_天成	65535	0	0	0	21	1140	11	0	0	29	27600	37	0	8	-1	0	0	0	0	-1	0	-1	0	-1	-1	-1	-1	-1	8	-1	-1	-1	0	-1	-1	-1	-1	-1	-1	-1	-1	0	150	150
251	神龙战甲(男)_寒芒	65535	0	0	0	21	65535	10	0	0	29	-1	37	0	4	-1	0	0	0	0	-1	0	-1	0	-1	-1	-1	-1	-1	8	-1	-1	-1	0	-1	-1	-1	-1	-1	-1	-1	-1	0	150	150
252	神龙战甲(男)_落星	65535	0	0	0	21	1120	11	0	0	29	-1	37	0	4	-1	0	0	0	0	-1	0	-1	0	-1	-1	-1	-1	-1	8	-1	-1	-1	0	-1	-1	-1	-1	-1	-1	-1	-1	0	150	150
253	神龙战甲(男)_天成	65535	0	0	0	21	1290	8	0	0	29	7200	33	0	4	-1	0	0	0	0	-1	0	-1	0	-1	-1	-1	-1	-1	8	-1	-1	-1	0	-1	-1	-1	-1	-1	-1	-1	-1	0	150	150
254	神龙战甲(女)_落星	65535	0	0	0	21	65535	0	0	0	29	-1	37	0	4	-1	0	0	0	0	-1	0	-1	0	-1	-1	-1	-1	-1	8	-1	-1	-1	0	-1	-1	-1	-1	-1	-1	-1	-1	0	150	150
255	神龙战甲(女)_天成	65535	0	0	0	21	1300	8	0	0	29	7800	33	0	4	-1	0	0	0	0	-1	0	-1	0	-1	-1	-1	-1	-1	8	-1	-1	-1	0	-1	-1	-1	-1	-1	-1	-1	-1	0	150	150
256	金羊战盔_天成	65535	0	0	0	21	720	26	94	0	29	-1	33	0	4	-1	0	0	0	0	-1	0	-1	0	-1	-1	-1	-1	-1	8	-1	-1	-1	0	-1	-1	-1	-1	-1	-1	-1	-1	0	150	150
257	金羊腰带(战)_天成	65535	0	0	0	21	720	26	16	14	29	-1	33	0	4	-1	0	0	0	0	-1	0	-1	0	-1	-1	-1	-1	-1	8	-1	-1	-1	0	-1	-1	-1	-1	-1	-1	-1	-1	0	150	150
1412	神猴刺甲(男)	0	0	0	0	26	3060	12	86	64	29	4448	1001	1	4	3524	1003	0	0	0	7106	1000	5638	1002	-1	-1	-1	-1	-1	8	-1	-1	-1	0	-1	-1	-1	-1	-1	-1	-1	-1	0	150	150
1413	神猴刺甲(女)	0	0	0	0	26	3100	12	86	64	29	6224	1001	1	4	4932	1003	0	0	0	9770	1000	7750	1002	-1	-1	-1	-1	-1	8	-1	-1	-1	0	-1	-1	-1	-1	-1	-1	-1	-1	0	150	150
1414	神猴刺刃	0	0	0	0	26	2780	12	86	61	29	5336	1007	0	4	4228	1011	0	0	0	7106	1005	7046	1009	1006	1010	1004	1008	-1	8	-1	-1	-1	0	-1	-1	-1	-1	-1	-1	-1	-1	0	150	150
1415	神猴项链(刺)	720	26	15	14	26	720	26	16	14	26	-1	31	0	8	-1	0	0	0	0	-1	0	-1	0	-1	-1	-1	-1	-1	8	-1	-1	-1	0	-1	-1	-1	-1	-1	-1	-1	-1	0	150	150
1416	神猴护腕(刺)	720	26	15	16	26	720	26	16	16	26	-1	31	0	8	-1	0	0	0	0	-1	0	-1	0	-1	-1	-1	-1	-1	8	-1	-1	-1	0	-1	-1	-1	-1	-1	-1	-1	-1	0	150	150
1417	神猴刺戒	720	26	16	15	26	720	26	17	15	26	-1	31	0	8	-1	0	0	0	0	-1	0	-1	0	-1	-1	-1	-1	-1	8	-1	-1	-1	0	-1	-1	-1	-1	-1	-1	-1	-1	0	150	150
1418	神猴刺盔	720	26	15	20	26	720	26	94	3	26	-1	31	0	8	-1	0	0	0	0	-1	0	-1	0	-1	-1	-1	-1	-1	8	-1	-1	-1	0	-1	-1	-1	-1	-1	-1	-1	-1	0	150	150
1419	神猴腰带(刺)	720	26	15	15	26	720	26	16	15	26	-1	31	0	8	-1	0	0	0	0	-1	0	-1	0	-1	-1	-1	-1	-1	8	-1	-1	-1	0	-1	-1	-1	-1	-1	-1	-1	-1	0	150	150
1420	神猴刺勋	720	26	15	13	26	720	26	16	13	26	-1	31	0	8	-1	0	0	0	0	-1	0	-1	0	-1	-1	-1	-1	-1	8	-1	-1	-1	0	-1	-1	-1	-1	-1	-1	-1	-1	0	150	150
1421	灵马刺刃	0	0	0	0	26	0	0	78	42	26	0	1015	0	8	0	1019	0	0	0	1776	1013	1408	1017	1014	1018	1012	1016	-1	8	-1	-1	-1	0	-1	-1	-1	-1	-1	-1	-1	-1	0	150	150
1422	天马刺刃	0	0	0	0	26	2190	11	90	95	29	1776	1015	0	8	1408	1019	0	0	0	3552	1013	2816	1017	1014	1018	1012	1016	-1	8	-1	-1	-1	0	-1	-1	-1	-1	-1	-1	-1	-1	0	150	150
1423	神羊刺甲(男)	0	0	0	0	26	2610	13	87	61	29	1776	1001	1	4	1408	1003	0	0	0	3552	1000	2816	1002	-1	-1	-1	-1	-1	8	-1	-1	-1	0	-1	-1	-1	-1	-1	-1	-1	-1	0	150	150
1424	神羊刺甲(女)	0	0	0	0	26	2646	13	87	62	29	2664	1001	1	4	2112	1003	0	0	0	4440	1000	3520	1002	-1	-1	-1	-1	-1	8	-1	-1	-1	0	-1	-1	-1	-1	-1	-1	-1	-1	0	150	150
1425	啸天刺刃	0	0	0	0	26	3970	10	70	20	29	1776	1007	0	8	1408	1011	0	0	0	3552	1005	4230	1009	1006	1010	1004	1008	-1	8	-1	-1	-1	0	-1	-1	-1	-1	-1	-1	-1	-1	0	150	150
1426	刺客短袍(男)	65535	0	0	0	23	65535	0	0	0	23	-1	-1	0	4	-1	-1	0	0	0	5328	1020	1408	1021	-1	-1	-1	-1	-1	8	-1	-1	-1	0	-1	-1	-1	-1	-1	-1	-1	-1	0	150	150
1427	刺客短袍(女)	65535	0	0	0	23	65535	0	0	0	23	-1	-1	0	4	-1	-1	0	0	0	6216	1020	2112	1021	-1	-1	-1	-1	-1	8	-1	-1	-1	0	-1	-1	-1	-1	-1	-1	-1	-1	0	150	150
1428	风行盾甲(男)	65535	0	0	0	23	65535	0	0	0	23	-1	-1	0	4	-1	-1	0	0	0	8880	1020	4224	1021	-1	-1	-1	-1	-1	8	-1	-1	-1	0	-1	-1	-1	-1	-1	-1	-1	-1	0	150	150
1429	风行盾甲(女)	65535	0	0	0	23	65535	0	0	0	23	-1	-1	0	4	-1	-1	0	0	0	9768	1020	4928	1021	-1	-1	-1	-1	-1	8	-1	-1	-1	0	-1	-1	-1	-1	-1	-1	-1	-1	0	150	150
1430	风侠短袍(男)	65535	0	0	0	23	65535	0	0	0	23	-1	-1	0	4	-1	-1	0	0	0	5328	1020	1408	1021	-1	-1	-1	-1	-1	8	-1	-1	-1	0	-1	-1	-1	-1	-1	-1	-1	-1	0	150	150
1431	风侠短袍(女)	65535	0	0	0	23	65535	0	0	0	23	-1	-1	0	4	-1	-1	0	0	0	6216	1020	2112	1021	-1	-1	-1	-1	-1	8	-1	-1	-1	0	-1	-1	-1	-1	-1	-1	-1	-1	0	150	150
1432	耀阳赤衣	65535	0	0	0	23	65535	0	0	0	23	-1	-1	0	4	-1	-1	0	0	0	7104	1020	2816	1021	-1	-1	-1	-1	-1	8	-1	-1	-1	0	-1	-1	-1	-1	-1	-1	-1	-1	0	150	150
1433	暗影赤衣	65535	0	0	0	23	65535	0	0	0	23	-1	-1	0	4	-1	-1	0	0	0	7992	1020	3520	1021	-1	-1	-1	-1	-1	8	-1	-1	-1	0	-1	-1	-1	-1	-1	-1	-1	-1	0	150	150
1434	潜龙神甲	65535	0	0	0	23	65535	0	0	0	23	-1	-1	0	4	-1	-1	0	0	0	10656	1020	5632	1021	-1	-1	-1	-1	-1	8	-1	-1	-1	0	-1	-1	-1	-1	-1	-1	-1	-1	0	150	150
1435	逆火软甲	65535	0	0	0	23	65535	0	0	0	23	-1	-1	0	4	-1	-1	0	0	0	11544	1020	6336	1021	-1	-1	-1	-1	-1	8	-1	-1	-1	0	-1	-1	-1	-1	-1	-1	-1	-1	0	150	150
1436	柴刀	65535	0	0	0	23	65535	0	0	0	23	-1	-1	0	4	-1	-1	0	0	0	1776	1022	0	1024	-1	-1	1023	1025	-1	8	-1	-1	-1	0	-1	-1	-1	-1	-1	-1	-1	-1	0	150	150
1437	追魂	65535	0	0	0	23	65535	0	0	0	23	-1	-1	0	4	-1	-1	0	0	0	3552	1022	1408	1024	-1	-1	1023	1025	-1	8	-1	-1	-1	0	-1	-1	-1	-1	-1	-1	-1	-1	0	150	150
1438	龙爪手	65535	0	0	0	23	65535	0	0	0	23	-1	-1	0	4	-1	-1	0	0	0	5328	1022	2816	1024	-1	-1	1023	1025	-1	8	-1	-1	-1	0	-1	-1	-1	-1	-1	-1	-1	-1	0	150	150
1439	双刀	65535	0	0	0	23	65535	0	0	0	23	-1	-1	0	4	-1	-1	0	0	0	7104	1022	4224	1024	-1	-1	1023	1025	-1	8	-1	-1	-1	0	-1	-1	-1	-1	-1	-1	-1	-1	0	150	150
1440	赤影	65535	0	0	0	23	65535	0	0	0	23	-1	-1	0	4	-1	-1	0	0	0	12432	1022	14080	1024	-1	-1	1023	1025	-1	8	-1	-1	-1	0	-1	-1	-1	-1	-1	-1	-1	-1	0	150	150
1441	冰月戟	65535	0	0	0	23	65535	0	0	0	23	-1	-1	0	4	-1	-1	0	0	0	10656	1022	7040	1024	-1	-1	1023	1025	-1	8	-1	-1	-1	0	-1	-1	-1	-1	-1	-1	-1	-1	0	150	150
1442	霜影	65535	0	0	0	23	65535	0	0	0	23	-1	-1	0	4	-1	-1	0	0	0	14208	1022	9856	1024	-1	-1	1023	1025	-1	8	-1	-1	-1	0	-1	-1	-1	-1	-1	-1	-1	-1	0	150	150
1443	黯灭轮	65535	0	0	0	23	65535	0	0	0	23	-1	-1	0	4	-1	-1	0	0	0	17760	1022	12672	1024	-1	-1	1023	1025	-1	8	-1	-1	-1	0	-1	-1	-1	-1	-1	-1	-1	-1	0	150	150
1444	破天	65535	0	0	0	23	65535	0	0	0	23	-1	-1	0	4	-1	-1	0	0	0	19536	1022	8448	1024	-1	-1	1023	1025	-1	8	-1	-1	-1	0	-1	-1	-1	-1	-1	-1	-1	-1	0	150	150
1445	传奇刺甲(男)	65535	0	0	0	26	65535	0	0	0	26	0	1027	0	4	0	1029	0	0	0	0	1026	0	1028	-1	-1	-1	-1	-1	8	-1	-1	-1	0	-1	-1	-1	-1	-1	-1	-1	-1	0	150	150
1446	传奇刺甲(女)	65535	0	0	0	26	65535	0	0	0	26	888	1027	0	4	704	1029	0	0	0	888	1026	704	1028	-1	-1	-1	-1	-1	8	-1	-1	-1	0	-1	-1	-1	-1	-1	-1	-1	-1	0	150	150
1447	传奇刺刃	65535	0	0	0	23	65535	0	0	0	23	-1	-1	0	4	-1	-1	0	0	0	3552	1031	2816	1035	-1	-1	1030	1034	-1	8	-1	-1	-1	0	-1	-1	-1	-1	-1	-1	-1	-1	0	150	150
1448	灵马刺甲(男)	0	0	0	0	26	0	12	86	61	29	0	1027	0	4	0	1029	0	0	0	0	1026	0	1028	1006	1010	1004	1008	-1	8	-1	-1	-1	0	-1	-1	-1	-1	-1	-1	-1	-1	0	150	150
1449	传奇刺甲(男)	0	0	0	0	-1	0	0	0	0	-1	5328	1027	0	4	4224	1029	0	0	0	1776	1026	1408	1028	-1	-1	-1	-1	-1	8	-1	-1	-1	0	-1	-1	-1	-1	-1	-1	-1	-1	0	150	150
1450	传奇刺甲(女)	0	0	0	0	-1	3800	8	0	0	25	5328	1027	0	4	4224	1029	0	0	0	2664	1026	2112	1021	-1	-1	-1	-1	-1	8	-1	-1	-1	0	-1	-1	-1	-1	-1	-1	-1	-1	0	150	150
1451	神龙刺甲(男)	0	0	0	0	-1	3800	3	0	0	25	14208	1027	0	4	11264	1029	0	0	0	14208	1026	11264	1028	-1	-1	-1	-1	-1	8	-1	-1	-1	0	-1	-1	-1	-1	-1	-1	-1	-1	0	150	150
1452	神龙刺甲(女)	0	0	0	0	-1	3800	3	0	0	25	15096	1027	0	4	11264	1029	0	0	0	15096	1026	11264	1028	-1	-1	-1	-1	-1	8	-1	-1	-1	0	-1	-1	-1	-1	-1	-1	-1	-1	0	150	150
1453	金马刺甲(男)	0	0	0	0	-1	0	3	0	0	25	0	1046	0	4	0	1041	0	0	0	0	1038	0	1040	-1	-1	-1	-1	-1	8	-1	-1	-1	0	-1	-1	-1	-1	-1	-1	-1	-1	0	150	150
1454	金马刺甲(女)	0	0	0	0	-1	0	3	0	0	25	888	1039	0	4	0	1041	0	0	0	888	1038	0	1040	-1	-1	-1	-1	-1	8	-1	-1	-1	0	-1	-1	-1	-1	-1	-1	-1	-1	0	150	150
1455	灵马刺甲(男)	0	0	0	0	-1	0	3	0	0	25	-1	1039	0	4	0	1041	0	0	0	0	1050	0	1051	-1	-1	-1	-1	-1	8	-1	-1	-1	0	-1	-1	-1	-1	-1	-1	-1	-1	0	150	150
1456	灵马刺甲(女)	0	0	0	0	-1	0	3	0	0	25	-1	1039	0	4	0	1041	0	0	0	888	1050	0	1051	-1	-1	-1	-1	-1	8	-1	-1	-1	0	-1	-1	-1	-1	-1	-1	-1	-1	0	150	150
1457	天马刺甲(男)	0	0	0	0	-1	2210	15	80	25	29	0	1052	0	4	0	1053	0	0	0	1776	1050	4000	1051	-1	-1	-1	-1	-1	8	-1	-1	-1	0	-1	-1	-1	-1	-1	-1	-1	-1	0	150	150
1458	天马刺甲(女)	0	0	0	0	-1	2230	15	80	25	29	0	1052	0	4	0	1053	0	0	0	2664	1050	6000	1051	-1	-1	-1	-1	-1	8	-1	-1	-1	0	-1	-1	-1	-1	-1	-1	-1	-1	0	150	150
1459	金羊刺甲(男)	0	0	0	0	-1	0	3	0	0	25	-1	1001	0	4	-1	1003	0	0	0	0	1000	0	1002	-1	-1	-1	-1	-1	8	-1	-1	-1	0	-1	-1	-1	-1	-1	-1	-1	-1	0	150	150
1460	金羊刺甲(女)	0	0	0	0	-1	0	3	0	0	25	-1	1052	0	4	-1	1053	0	0	0	888	1000	704	1002	-1	-1	-1	-1	-1	8	-1	-1	-1	0	-1	-1	-1	-1	-1	-1	-1	-1	0	150	150
1461	灵羊刺甲(男)	0	0	0	0	-1	2592	13	85	60	29	0	1001	0	4	0	1003	0	0	0	1776	1000	1408	1002	-1	-1	-1	-1	-1	8	-1	-1	-1	0	-1	-1	-1	-1	-1	-1	-1	-1	0	150	150
1462	灵羊刺甲(女)	0	0	0	0	-1	2592	13	85	70	29	0	1001	0	4	0	1003	0	0	0	2664	1000	2112	1002	-1	-1	-1	-1	-1	8	-1	-1	-1	0	-1	-1	-1	-1	-1	-1	-1	-1	0	150	150
1463	金猴刺甲(男)	0	0	0	0	-1	0	0	85	60	29	-1	1001	0	4	-1	1003	0	0	0	4230	1000	4230	1002	-1	-1	-1	-1	-1	8	-1	-1	-1	0	-1	-1	-1	-1	-1	-1	-1	-1	0	150	150
1464	金猴刺甲(女)	0	0	0	0	-1	0	0	85	60	29	-1	1001	0	4	-1	1003	0	0	0	7994	1000	7046	1002	-1	-1	-1	-1	-1	8	-1	-1	-1	0	-1	-1	-1	-1	-1	-1	-1	-1	0	150	150
1465	灵猴刺甲(男)	0	0	0	0	-1	3044	12	85	60	29	3560	1001	0	4	2820	1003	0	0	0	6218	1000	4934	1002	-1	-1	-1	-1	-1	8	-1	-1	-1	0	-1	-1	-1	-1	-1	-1	-1	-1	0	150	150
1466	灵猴刺甲(女)	0	0	0	0	-1	3084	12	85	60	29	3560	1001	0	4	2820	1003	0	0	0	8882	1000	7046	1002	-1	-1	-1	-1	-1	8	-1	-1	-1	0	-1	-1	-1	-1	-1	-1	-1	-1	0	150	150
1467	斗战胜佛刺男	0	0	0	0	26	3140	10	70	20	29	7120	1001	1	4	5640	1003	0	0	0	10660	1000	8460	1002	-1	-1	-1	-1	-1	8	-1	-1	-1	0	-1	-1	-1	-1	-1	-1	-1	-1	0	150	150
1468	斗战胜佛刺女	0	0	0	0	26	3150	10	75	20	29	7120	1001	1	4	5640	1003	0	0	0	11548	1000	9164	1002	-1	-1	-1	-1	-1	8	-1	-1	-1	0	-1	-1	-1	-1	-1	-1	-1	-1	0	150	150
1469	传奇刺刃	65535	0	0	0	23	1680	10	80	70	29	8880	1033	0	4	1408	-1	0	0	0	31968	1022	16896	1024	1032	-1	1023	1025	-1	8	-1	-1	-1	0	-1	-1	-1	-1	-1	-1	-1	-1	0	150	150
1470	神龙刺刃	65535	0	0	0	23	0	0	80	70	29	14208	1033	0	4	1408	1037	0	0	0	14208	1031	11264	1035	-1	-1	1030	1034	-1	8	-1	-1	-1	0	-1	-1	-1	-1	-1	-1	-1	-1	0	150	150
1471	灵羊刺刃	65535	0	0	0	23	0	0	80	70	29	8880	-1	0	4	1408	-1	0	0	0	1776	1005	1408	1009	-1	-1	1004	1012	-1	8	-1	-1	-1	0	-1	-1	-1	-1	-1	-1	-1	-1	0	150	150
1472	金猴刺刃	0	0	0	0	26	0	0	86	61	29	-1	1007	0	4	-1	1011	0	0	0	5330	1005	4230	1009	-1	-1	1004	1008	-1	8	-1	-1	-1	0	-1	-1	-1	-1	-1	-1	-1	-1	0	150	150
1473	灵猴刺刃	0	0	0	0	26	2764	10	86	61	29	5336	1007	0	4	4228	1011	0	0	0	10668	1005	8460	1009	1006	1010	1004	1008	-1	8	-1	-1	-1	0	-1	-1	-1	-1	-1	-1	-1	-1	0	150	150
1474	斗战胜佛刺刃	0	0	0	0	26	3130	10	75	20	29	7120	1007	0	4	5640	1011	0	0	0	10660	1005	5638	1009	1006	1010	1004	1008	-1	8	-1	-1	-1	0	-1	-1	-1	-1	-1	-1	-1	-1	0	150	150
1475	金猴战甲(女)	0	0	0	0	-1	0	0	83	20	29	-1	41	0	4	-1	0	0	0	0	12600	44	42000	45	-1	-1	-1	-1	-1	8	-1	-1	-1	0	-1	-1	-1	-1	-1	-1	-1	-1	0	150	150
1476	金猴魔衣(男)	0	0	0	0	-1	0	0	83	20	29	-1	41	0	4	-1	0	0	0	0	18000	44	60000	45	-1	-1	-1	-1	-1	8	-1	-1	-1	0	-1	-1	-1	-1	-1	-1	-1	-1	0	150	150
1477	金猴魔衣(女)	0	0	0	0	-1	0	0	83	20	29	-1	41	0	4	-1	0	0	0	0	19800	44	66000	45	-1	-1	-1	-1	-1	8	-1	-1	-1	0	-1	-1	-1	-1	-1	-1	-1	-1	0	150	150
1478	金猴道袍(男)	0	0	0	0	-1	0	0	83	20	29	-1	41	0	4	-1	0	0	0	0	14400	44	48000	45	-1	-1	-1	-1	-1	8	-1	-1	-1	0	-1	-1	-1	-1	-1	-1	-1	-1	0	150	150
1479	金猴道袍(女)	0	0	0	0	-1	0	0	83	20	29	-1	41	0	4	-1	0	0	0	0	16200	44	48000	45	-1	-1	-1	-1	-1	8	-1	-1	-1	0	-1	-1	-1	-1	-1	-1	-1	-1	0	150	150
1481	灵猴战甲(男)	0	0	0	0	-1	2800	14	83	20	29	7200	41	0	4	-1	-1	0	0	0	11400	44	38000	45	-1	-1	-1	-1	-1	8	-1	-1	-1	0	-1	-1	-1	-1	-1	-1	-1	-1	0	150	150
1482	灵猴战甲(女)	0	0	0	0	-1	2840	14	83	20	29	7200	41	0	4	-1	-1	0	0	0	13200	44	44000	45	-1	-1	-1	-1	-1	8	-1	-1	-1	0	-1	-1	-1	-1	-1	-1	-1	-1	0	150	150
1483	灵猴魔衣(男)	0	0	0	0	-1	2880	14	83	20	29	12000	41	0	4	-1	-1	0	0	0	18600	44	62000	45	-1	-1	-1	-1	-1	8	-1	-1	-1	0	-1	-1	-1	-1	-1	-1	-1	-1	0	150	150
1484	灵猴魔衣(女)	0	0	0	0	-1	2920	14	83	20	29	12000	41	0	4	-1	-1	0	0	0	20400	44	68000	45	-1	-1	-1	-1	-1	8	-1	-1	-1	0	-1	-1	-1	-1	-1	-1	-1	-1	0	150	150
1485	灵猴道袍(女)	0	0	0	0	-1	3000	11	80	33	29	9600	41	0	4	-1	-1	0	0	0	16800	44	56000	45	-1	-1	-1	-1	-1	8	-1	-1	-1	0	-1	-1	-1	-1	-1	-1	-1	-1	0	150	150
1486	灵猴道袍(男)	0	0	0	0	-1	2960	11	80	33	29	9600	41	0	4	-1	-1	0	0	0	15000	44	50000	45	-1	-1	-1	-1	-1	8	-1	-1	-1	0	-1	-1	-1	-1	-1	-1	-1	-1	0	150	150
1487	神羊战甲(女)	0	0	0	0	21	2405	10	85	60	29	1200	41	0	4	-1	0	0	0	0	2400	44	10000	45	-1	-1	-1	-1	-1	8	-1	-1	-1	0	-1	-1	-1	-1	-1	-1	-1	-1	0	150	150
1488	神羊魔衣(女)	0	0	0	0	21	2466	10	85	60	29	6000	41	0	4	-1	0	0	0	0	10200	44	32000	45	-1	-1	-1	-1	-1	8	-1	-1	-1	0	-1	-1	-1	-1	-1	-1	-1	-1	0	150	150
1489	灵羊战甲(女)	0	0	0	0	21	2394	10	85	60	29	0	41	0	4	-1	0	0	0	0	1800	44	6000	45	-1	-1	-1	-1	-1	8	-1	-1	-1	0	-1	-1	-1	-1	-1	-1	-1	-1	0	150	150
1490	灵羊魔衣(女)	0	0	0	0	21	2448	10	85	60	29	4800	41	0	4	-1	0	0	0	0	10200	44	30000	45	-1	-1	-1	-1	-1	8	-1	-1	-1	0	-1	-1	-1	-1	-1	-1	-1	-1	0	150	150
1491	灵羊道袍(女)	0	0	0	0	21	2520	10	85	60	29	2400	41	0	4	-1	0	0	0	0	5400	44	12000	45	-1	-1	-1	-1	-1	8	-1	-1	-1	0	-1	-1	-1	-1	-1	-1	-1	-1	0	150	150
1492	金羊战甲(男)	0	0	0	0	21	0	0	85	60	29	-1	41	0	4	-1	0	0	0	0	0	44	0	45	-1	-1	-1	-1	-1	8	-1	-1	-1	0	-1	-1	-1	-1	-1	-1	-1	-1	0	150	150
1493	金羊战甲(女)	0	0	0	0	21	0	0	85	60	29	-1	41	0	4	-1	0	0	0	0	600	44	2000	45	-1	-1	-1	-1	-1	8	-1	-1	-1	0	-1	-1	-1	-1	-1	-1	-1	-1	0	150	150
1494	金羊魔衣(男)	0	0	0	0	21	0	0	85	60	29	-1	41	0	4	-1	0	0	0	0	7200	44	24000	45	-1	-1	-1	-1	-1	8	-1	-1	-1	0	-1	-1	-1	-1	-1	-1	-1	-1	0	150	150
1495	金羊魔衣(女)	0	0	0	0	21	0	0	85	60	29	-1	41	0	4	-1	0	0	0	0	7800	44	26000	45	-1	-1	-1	-1	-1	8	-1	-1	-1	0	-1	-1	-1	-1	-1	-1	-1	-1	0	150	150
1496	金羊道袍(男)	0	0	0	0	21	0	0	85	60	29	-1	41	0	4	-1	0	0	0	0	3600	44	12000	45	-1	-1	-1	-1	-1	8	-1	-1	-1	0	-1	-1	-1	-1	-1	-1	-1	-1	0	150	150
1497	金羊道袍(女)	0	0	0	0	21	0	0	85	60	29	-1	41	0	4	-1	0	0	0	0	4200	44	14000	45	-1	-1	-1	-1	-1	8	-1	-1	-1	0	-1	-1	-1	-1	-1	-1	-1	-1	0	150	150
1498	金羊战刃	0	0	0	0	21	0	0	85	60	29	-1	41	0	4	-1	0	0	0	0	0	47	0	48	-1	-1	-1	-1	-1	8	-1	-1	-1	0	-1	-1	-1	-1	-1	-1	-1	-1	0	150	150
1499	金猴战刃	0	0	0	0	21	0	0	85	60	29	-1	41	0	4	-1	0	0	0	0	10800	47	36000	48	-1	-1	-1	-1	-1	8	-1	-1	-1	0	-1	-1	-1	-1	-1	-1	-1	-1	0	150	150
1500	金猴道剑	0	0	0	0	21	0	0	85	60	29	-1	41	0	4	-1	0	0	0	0	14400	47	48000	48	-1	-1	-1	-1	-1	8	-1	-1	-1	0	-1	-1	-1	-1	-1	-1	-1	-1	0	150	150
1501	金猴法杖	0	0	0	0	21	0	0	85	60	29	-1	41	0	4	-1	0	0	0	0	18000	47	60000	48	-1	-1	-1	-1	-1	8	-1	-1	-1	0	-1	-1	-1	-1	-1	-1	-1	-1	0	150	150
1502	金羊刺刃	65535	0	0	0	23	0	0	80	70	29	8880	-1	0	4	1408	-1	0	0	0	0	1005	0	1017	-1	-1	1004	1012	-1	8	-1	-1	-1	0	-1	-1	-1	-1	-1	-1	-1	-1	0	150	150
1503	返璞归真(刺)	0	0	0	0	-1	0	0	0	0	-1	-1	1020	0	4	-1	1021	0	0	0	1776	1020	12672	1021	-1	-1	-1	-1	-1	8	-1	-1	-1	0	-1	-1	-1	-1	-1	-1	-1	-1	0	150	150
1504	丽质天成(刺)	0	0	0	0	-1	0	0	0	0	-1	-1	1020	0	4	-1	1021	0	0	0	2664	1020	13376	1021	-1	-1	-1	-1	-1	8	-1	-1	-1	0	-1	-1	-1	-1	-1	-1	-1	-1	0	150	150
1505	玉树临风(刺)	0	0	0	0	-1	0	0	0	0	-1	-1	1020	0	4	-1	1021	0	0	0	3552	1020	11264	1021	-1	-1	-1	-1	-1	8	-1	-1	-1	0	-1	-1	-1	-1	-1	-1	-1	-1	0	150	150
1506	粉妆玉砌(刺)	0	0	0	0	-1	0	0	0	0	-1	-1	1020	0	4	-1	1021	0	0	0	4440	1020	11968	1021	-1	-1	-1	-1	-1	8	-1	-1	-1	0	-1	-1	-1	-1	-1	-1	-1	-1	0	150	150
1507	仙风道骨(刺)	0	0	0	0	-1	0	0	0	0	-1	-1	1020	0	4	-1	1021	0	0	0	14208	1020	7040	1021	-1	-1	-1	-1	-1	8	-1	-1	-1	0	-1	-1	-1	-1	-1	-1	-1	-1	0	150	150
1508	蕙质兰心(刺)	0	0	0	0	-1	0	0	0	0	-1	-1	1020	0	4	-1	1021	0	0	0	15096	1020	7040	1021	-1	-1	-1	-1	-1	8	-1	-1	-1	0	-1	-1	-1	-1	-1	-1	-1	-1	0	150	150
1509	耀阳时装(刺)	0	0	0	0	-1	0	0	0	0	-1	-1	1020	0	4	-1	1021	0	0	0	7104	1020	2816	1021	-1	-1	-1	-1	-1	8	-1	-1	-1	0	-1	-1	-1	-1	-1	-1	-1	-1	0	150	150
1510	暗影时装(刺)	0	0	0	0	-1	0	0	0	0	-1	-1	1020	0	4	-1	1021	0	0	0	7992	1020	3520	1021	-1	-1	-1	-1	-1	8	-1	-1	-1	0	-1	-1	-1	-1	-1	-1	-1	-1	0	150	150
1511	暴风时装男(刺)	0	0	0	0	-1	0	0	0	0	-1	-1	1020	0	4	-1	1021	0	0	0	8880	1020	4224	1021	-1	-1	-1	-1	-1	8	-1	-1	-1	0	-1	-1	-1	-1	-1	-1	-1	-1	0	150	150
1512	暴风时装女(刺)	0	0	0	0	-1	0	0	0	0	-1	-1	1020	0	4	-1	1021	0	0	0	9768	1020	4828	1021	-1	-1	-1	-1	-1	8	-1	-1	-1	0	-1	-1	-1	-1	-1	-1	-1	-1	0	150	150
1513	神翼天尊刺(男)	0	0	0	0	-1	0	0	0	0	-1	-1	1020	0	4	-1	1021	0	0	0	1776	1038	0	1040	-1	-1	-1	-1	-1	8	-1	-1	-1	0	-1	-1	-1	-1	-1	-1	-1	-1	0	150	150
1514	神翼天尊刺(女)	0	0	0	0	-1	0	0	0	0	-1	-1	1020	0	4	-1	1021	0	0	0	2664	1038	704	1040	-1	-1	-1	-1	-1	8	-1	-1	-1	0	-1	-1	-1	-1	-1	-1	-1	-1	0	150	150
1515	神圣天龙刺(男)	0	0	0	0	-1	0	0	0	0	-1	-1	1020	0	4	-1	1021	0	0	0	7104	1038	4224	1040	-1	-1	-1	-1	-1	8	-1	-1	-1	0	-1	-1	-1	-1	-1	-1	-1	-1	0	150	150
1516	神圣天龙刺(女)	0	0	0	0	-1	0	0	0	0	-1	-1	1020	0	4	-1	1021	0	0	0	7992	1038	4928	1040	-1	-1	-1	-1	-1	8	-1	-1	-1	0	-1	-1	-1	-1	-1	-1	-1	-1	0	150	150
1517	龙腾天下刺(男)	0	0	0	0	-1	0	0	0	0	-1	-1	1020	0	4	-1	1021	0	0	0	8880	1038	5632	1040	-1	-1	-1	-1	-1	8	-1	-1	-1	0	-1	-1	-1	-1	-1	-1	-1	-1	0	150	150
1518	龙腾天下刺(女)	0	0	0	0	-1	0	0	0	0	-1	-1	1020	0	4	-1	1021	0	0	0	9768	1038	5632	1040	-1	-1	-1	-1	-1	8	-1	-1	-1	0	-1	-1	-1	-1	-1	-1	-1	-1	0	150	150
1519	九天彩凤刺(男)	0	0	0	0	-1	0	0	0	0	-1	-1	1020	0	4	-1	1021	0	0	0	10656	1038	7040	1040	-1	-1	-1	-1	-1	8	-1	-1	-1	0	-1	-1	-1	-1	-1	-1	-1	-1	0	150	150
1520	九天彩凤刺(女)	0	0	0	0	-1	0	0	0	0	-1	-1	1020	0	4	-1	1021	0	0	0	11544	1038	7744	1040	-1	-1	-1	-1	-1	8	-1	-1	-1	0	-1	-1	-1	-1	-1	-1	-1	-1	0	150	150
1521	傲视群雄刺(男)	0	0	0	0	-1	0	0	0	0	-1	-1	1020	0	4	-1	1021	0	0	0	5328	1038	2816	1040	-1	-1	-1	-1	-1	8	-1	-1	-1	0	-1	-1	-1	-1	-1	-1	-1	-1	0	150	150
1522	傲视群雄刺(女)	0	0	0	0	-1	0	0	0	0	-1	-1	1020	0	4	-1	1021	0	0	0	6216	1038	3520	1040	-1	-1	-1	-1	-1	8	-1	-1	-1	0	-1	-1	-1	-1	-1	-1	-1	-1	0	150	150
1554	麒麟坐骑男	0	0	0	0	-1	0	12	-70	130	1054	1220	-1	0	8	-1	-1	0	0	1	20	1054	15488	-1	-1	-1	-1	-1	-1	8	-1	-1	-1	0	-1	-1	-1	-1	-1	-1	-1	-1	0	150	150
1555	麒麟坐骑(女)	0	0	0	0	-1	0	12	-70	130	1054	-1	-1	0	8	-1	-1	0	0	0	620	1054	-1	-1	-1	-1	-1	-1	-1	8	-1	-1	-1	0	-1	-1	-1	-1	-1	-1	-1	-1	0	150	150
1556	金凤战刃	0	0	0	0	21	0	0	85	60	29	-1	42	0	4	-1	0	0	0	0	22800	47	76080	48	-1	-1	-1	-1	-1	8	-1	-1	-1	0	-1	-1	-1	-1	-1	-1	-1	-1	0	150	150
1557	金凤法杖	0	0	0	0	21	0	0	85	60	29	-1	42	0	4	-1	0	0	0	0	24000	47	80080	48	-1	-1	-1	-1	-1	8	-1	-1	-1	0	-1	-1	-1	-1	-1	-1	-1	-1	0	150	150
1558	金凤道剑	0	0	0	0	21	0	0	85	60	29	-1	42	0	4	-1	0	0	0	0	25200	47	84080	48	-1	-1	-1	-1	-1	8	-1	-1	-1	0	-1	-1	-1	-1	-1	-1	-1	-1	0	150	150
1559	灵凤战刃	0	0	0	0	21	3460	12	20	-20	29	15600	42	0	4	52080	55	0	0	0	26400	47	88080	48	-1	-1	-1	-1	-1	8	-1	-1	-1	0	-1	-1	-1	-1	-1	-1	-1	-1	0	150	150
1560	灵凤法杖	0	0	0	0	21	3480	12	25	30	29	16800	42	0	4	56080	55	0	0	0	27600	47	92080	48	-1	-1	-1	-1	-1	8	-1	-1	-1	0	-1	-1	-1	-1	-1	-1	-1	-1	0	150	150
1561	灵凤道剑	0	0	0	0	21	3500	12	40	0	29	18000	42	0	4	60080	55	0	0	0	28800	47	96080	48	-1	-1	-1	-1	-1	8	-1	-1	-1	0	-1	-1	-1	-1	-1	-1	-1	-1	0	150	150
1562	神凤战刃	0	0	0	0	21	3540	12	30	-20	29	19200	42	0	4	64080	55	0	0	0	30000	47	100080	48	-1	-1	-1	-1	-1	8	-1	-1	-1	0	-1	-1	-1	-1	-1	-1	-1	-1	0	150	150
1563	神凤法杖	0	0	0	0	21	3560	12	25	30	29	20400	42	0	4	68080	55	0	0	0	31200	47	104080	48	-1	-1	-1	-1	-1	8	-1	-1	-1	0	-1	-1	-1	-1	-1	-1	-1	-1	0	150	150
1564	神凤道剑	0	0	0	0	21	3580	12	40	0	29	21600	42	0	4	72080	55	0	0	0	32400	47	108080	48	-1	-1	-1	-1	-1	8	-1	-1	-1	0	-1	-1	-1	-1	-1	-1	-1	-1	0	150	150
1565	金凤战甲(男)	0	0	0	0	-1	0	0	0	0	-1	-1	-1	0	8	-1	-1	0	0	0	22800	44	76080	45	-1	-1	-1	-1	-1	8	-1	-1	-1	0	-1	-1	-1	-1	-1	-1	-1	-1	0	150	150
1566	金凤战甲(女)	0	0	0	0	-1	0	0	0	0	-1	-1	-1	0	8	-1	-1	0	0	0	23400	44	78080	45	-1	-1	-1	-1	-1	8	-1	-1	-1	0	-1	-1	-1	-1	-1	-1	-1	-1	0	150	150
1567	金凤魔衣(男)	0	0	0	0	-1	0	0	0	0	-1	-1	-1	0	8	-1	-1	0	0	0	24000	44	80080	45	-1	-1	-1	-1	-1	8	-1	-1	-1	0	-1	-1	-1	-1	-1	-1	-1	-1	0	150	150
1568	金凤魔衣(女)	0	0	0	0	-1	0	0	0	0	-1	-1	-1	0	8	-1	-1	0	0	0	24600	44	82080	45	-1	-1	-1	-1	-1	8	-1	-1	-1	0	-1	-1	-1	-1	-1	-1	-1	-1	0	150	150
1569	金凤道袍(男)	0	0	0	0	-1	0	0	0	0	-1	-1	-1	0	8	-1	-1	0	0	0	25200	44	84080	45	-1	-1	-1	-1	-1	8	-1	-1	-1	0	-1	-1	-1	-1	-1	-1	-1	-1	0	150	150
1570	金凤道袍(女)	0	0	0	0	-1	0	0	0	0	-1	-1	-1	0	8	-1	-1	0	0	0	25800	44	86080	45	-1	-1	-1	-1	-1	8	-1	-1	-1	0	-1	-1	-1	-1	-1	-1	-1	-1	0	150	150
1571	灵凤战甲(男)	0	0	0	0	-1	3160	12	85	60	29	15600	41	0	4	52080	46	0	0	0	26400	44	88080	45	-1	-1	-1	-1	-1	8	-1	-1	-1	0	-1	-1	-1	-1	-1	-1	-1	-1	0	150	150
1572	灵凤战甲(女)	0	0	0	0	-1	3180	12	80	60	29	15600	41	0	8	52080	46	0	0	0	27000	44	90080	45	-1	-1	-1	-1	-1	8	-1	-1	-1	0	-1	-1	-1	-1	-1	-1	-1	-1	0	150	150
1573	灵凤魔衣(男)	0	0	0	0	-1	3200	12	95	20	29	16800	44	0	4	54080	46	0	0	0	27600	44	92080	45	-1	-1	-1	-1	-1	8	-1	-1	-1	0	-1	-1	-1	-1	-1	-1	-1	-1	0	150	150
1574	灵凤魔衣(女)	0	0	0	0	-1	3220	12	95	0	29	16800	44	0	4	54080	46	0	0	0	28200	44	94080	45	-1	-1	-1	-1	-1	8	-1	-1	-1	0	-1	-1	-1	-1	-1	-1	-1	-1	0	150	150
1575	灵凤道袍(男)	0	0	0	0	-1	3240	10	90	60	29	18000	41	0	4	60080	46	0	0	0	28800	44	96080	45	-1	-1	-1	-1	-1	8	-1	-1	-1	0	-1	-1	-1	-1	-1	-1	-1	-1	0	150	150
1576	灵凤道袍(女)	0	0	0	0	-1	3250	10	85	60	29	18000	41	0	8	60080	46	0	0	0	29400	44	98080	45	-1	-1	-1	-1	-1	8	-1	-1	-1	0	-1	-1	-1	-1	-1	-1	-1	-1	0	150	150
1577	神凤战甲(男)	0	0	0	0	-1	3300	12	85	65	29	19200	41	0	4	64080	46	0	0	0	30000	44	88080	45	-1	-1	-1	-1	-1	8	-1	-1	-1	0	-1	-1	-1	-1	-1	-1	-1	-1	0	150	150
1578	神凤战甲(女)	0	0	0	0	-1	3320	12	95	35	29	19800	41	0	4	64080	46	0	0	0	30600	44	102080	45	-1	-1	-1	-1	-1	8	-1	-1	-1	0	-1	-1	-1	-1	-1	-1	-1	-1	0	150	150
1579	神凤魔衣(男)	0	0	0	0	-1	3340	12	90	55	29	20400	41	0	4	68080	46	0	0	0	31200	44	104080	45	-1	-1	-1	-1	-1	8	-1	-1	-1	0	-1	-1	-1	-1	-1	-1	-1	-1	0	150	150
1580	神凤魔衣(女)	0	0	0	0	-1	3360	12	90	55	29	21000	41	0	4	68080	46	0	0	0	31800	44	106080	45	-1	-1	-1	-1	-1	8	-1	-1	-1	0	-1	-1	-1	-1	-1	-1	-1	-1	0	150	150
1581	神凤道袍(男)	0	0	0	0	-1	3380	12	80	65	29	21600	41	0	4	72080	46	0	0	0	32400	44	108080	45	-1	-1	-1	-1	-1	8	-1	-1	-1	0	-1	-1	-1	-1	-1	-1	-1	-1	0	150	150
1582	神凤道袍(女)	0	0	0	0	-1	3400	12	80	65	29	22200	41	0	4	72080	46	0	0	0	33000	44	110080	45	-1	-1	-1	-1	-1	8	-1	-1	-1	0	-1	-1	-1	-1	-1	-1	-1	-1	0	150	150
1583	金凤刺刃	0	0	0	0	26	0	0	75	20	29	0	-1	0	4	0	-1	0	0	0	15992	1005	12686	1009	-1	-1	1004	1008	-1	8	-1	-1	-1	0	-1	-1	-1	-1	-1	-1	-1	-1	0	150	150
1584	灵凤刺刃	0	0	0	0	26	3520	12	90	90	29	8900	1007	0	4	7050	1011	0	0	0	14216	1005	9870	1009	1006	1010	1004	1008	-1	8	-1	-1	-1	0	-1	-1	-1	-1	-1	-1	-1	-1	0	150	150
1585	神凤刺刃	0	0	0	0	26	3600	12	90	90	29	10676	1007	0	4	8458	1011	0	0	0	12440	1005	9870	1009	1006	1010	1004	1008	-1	8	-1	-1	-1	0	-1	-1	-1	-1	-1	-1	-1	-1	0	150	150
1586	金凤刺甲(男)	0	0	0	0	26	3150	10	75	20	-1	7120	-1	1	4	5640	-1	0	0	0	12440	1000	9870	1002	-1	-1	-1	-1	-1	8	-1	-1	-1	0	-1	-1	-1	-1	-1	-1	-1	-1	0	150	150
1587	金凤刺甲(女)	0	0	0	0	26	3150	10	75	20	-1	7120	-1	1	4	5640	-1	0	0	0	13328	1000	10574	1002	-1	-1	-1	-1	-1	8	-1	-1	-1	0	-1	-1	-1	-1	-1	-1	-1	-1	0	150	150
1588	灵凤刺甲(男)	0	0	0	0	26	3260	12	95	20	29	8900	1001	1	4	7050	1003	0	0	0	14216	1000	11278	1002	-1	-1	-1	-1	-1	8	-1	-1	-1	0	-1	-1	-1	-1	-1	-1	-1	-1	0	150	150
1589	灵凤刺甲(女)	0	0	0	0	26	3280	12	95	20	29	8900	1001	1	4	7050	1003	0	0	0	15104	1000	11982	1002	-1	-1	-1	-1	-1	8	-1	-1	-1	0	-1	-1	-1	-1	-1	-1	-1	-1	0	150	150
1590	神凤刺甲(男)	0	0	0	0	26	3420	12	95	60	29	7120	1001	1	4	5640	1003	0	0	0	15992	1000	12686	1002	-1	-1	-1	-1	-1	8	-1	-1	-1	0	-1	-1	-1	-1	-1	-1	-1	-1	0	150	150
1591	神凤刺甲(女)	0	0	0	0	26	3440	10	85	60	29	7120	1001	1	4	5640	1003	0	0	0	16880	1000	13390	1002	-1	-1	-1	-1	-1	8	-1	-1	-1	0	-1	-1	-1	-1	-1	-1	-1	-1	0	150	150
1592	啸天战刃	0	0	0	0	21	3920	12	70	20	29	26400	42	0	4	64080	55	0	0	0	-1	47	-1	48	-1	-1	-1	-1	-1	8	-1	-1	-1	0	-1	-1	-1	-1	-1	-1	-1	-1	0	150	150
1593	啸天魔衣(男)	0	0	0	0	-1	3780	10	75	20	29	27600	41	0	4	68080	46	0	0	0	-1	44	-1	45	-1	-1	-1	-1	-1	8	-1	-1	-1	0	-1	-1	-1	-1	-1	-1	-1	-1	0	150	150
1594	啸天法杖	0	0	0	0	21	3940	10	62	-20	29	27600	42	0	4	68080	55	0	0	0	-1	47	-1	48	-1	-1	-1	-1	-1	8	-1	-1	-1	0	-1	-1	-1	-1	-1	-1	-1	-1	0	150	150
1595	啸天战甲(女)	0	0	0	0	-1	3760	14	70	19	29	27000	41	0	4	64080	46	0	0	0	-1	44	-1	45	-1	-1	-1	-1	-1	8	-1	-1	-1	0	-1	-1	-1	-1	-1	-1	-1	-1	0	150	150
1596	啸天道袍(男)	0	0	0	0	-1	3800	14	70	20	29	28800	41	0	4	72080	46	0	0	0	-1	44	-1	45	-1	-1	-1	-1	-1	8	-1	-1	-1	0	-1	-1	-1	-1	-1	-1	-1	-1	0	150	150
1597	啸天道剑	0	0	0	0	21	3950	11	70	20	29	28800	42	0	4	28800	55	0	0	0	-1	47	-1	48	-1	-1	-1	-1	-1	8	-1	-1	-1	0	-1	-1	-1	-1	-1	-1	-1	-1	0	150	150
1598	啸天刺甲(男)	0	0	0	0	26	3840	10	70	20	29	1776	1001	1	4	1408	1003	0	0	0	3552	1000	2816	1002	-1	-1	-1	-1	-1	8	-1	-1	-1	0	-1	-1	-1	-1	-1	-1	-1	-1	0	150	150
1599	啸天道袍(女)	0	0	0	0	-1	3820	14	70	20	29	29400	41	0	4	72080	46	0	0	0	-1	44	-1	45	-1	-1	-1	-1	-1	8	-1	-1	-1	0	-1	-1	-1	-1	-1	-1	-1	-1	0	150	150
1601	啸天刺甲(女)	0	0	0	0	26	3850	10	70	20	29	2664	1001	1	4	2112	1003	0	0	0	4440	1000	3520	1002	-1	-1	-1	-1	-1	8	-1	-1	-1	0	-1	-1	-1	-1	-1	-1	-1	-1	0	150	150
1602	啸天战甲(女)	0	0	0	0	-1	3740	14	70	19	29	26400	41	0	4	64080	46	0	0	0	-1	44	-1	45	-1	-1	-1	-1	-1	8	-1	-1	-1	0	-1	-1	-1	-1	-1	-1	-1	-1	0	150	150
1603	啸天魔衣(女)	0	0	0	0	-1	3790	10	75	20	29	28200	41	0	4	68080	46	0	0	0	-1	44	-1	45	-1	-1	-1	-1	-1	8	-1	-1	-1	0	-1	-1	-1	-1	-1	-1	-1	-1	0	150	150
1604	初级马牌(女)	0	0	0	0	-1	0	0	0	0	-1	-1	-1	0	8	-1	-1	0	0	0	2400	1056	-1	-1	-1	-1	-1	-1	-1	8	-1	-1	-1	0	-1	-1	-1	-1	-1	-1	-1	-1	0	150	150
1605	初级马牌(男)	0	0	0	0	-1	0	0	0	0	-1	-1	-1	0	8	-1	-1	0	0	0	2400	1056	-1	-1	-1	-1	-1	-1	-1	8	-1	-1	-1	0	-1	-1	-1	-1	-1	-1	-1	-1	0	150	150
1606	中级马牌(男)	0	0	0	0	-1	0	0	0	0	-1	-1	-1	0	8	-1	-1	0	0	0	0	1056	-1	-1	-1	-1	-1	-1	-1	8	-1	-1	-1	0	-1	-1	-1	-1	-1	-1	-1	-1	0	150	150
1607	中级马牌(女)	0	0	0	0	-1	0	0	0	0	-1	-1	-1	0	8	-1	-1	0	0	0	0	1056	-1	-1	-1	-1	-1	-1	-1	8	-1	-1	-1	0	-1	-1	-1	-1	-1	-1	-1	-1	0	150	150
1608	高级马牌(女)	0	0	0	0	-1	0	0	0	0	-1	-1	-1	0	8	-1	-1	0	0	0	1200	1056	-1	-1	-1	-1	-1	-1	-1	8	-1	-1	-1	0	-1	-1	-1	-1	-1	-1	-1	-1	0	150	150
1609	高级马牌(男)	0	0	0	0	-1	0	0	0	0	-1	-1	-1	0	8	-1	-1	0	0	0	1200	1056	-1	-1	-1	-1	-1	-1	-1	8	-1	-1	-1	0	-1	-1	-1	-1	-1	-1	-1	-1	0	150	150
1610	灵虎马牌(男)	0	0	0	0	-1	0	0	0	0	-1	-1	-1	0	8	-1	-1	0	0	0	3600	1056	-1	-1	-1	-1	-1	-1	-1	8	-1	-1	-1	0	-1	-1	-1	-1	-1	-1	-1	-1	0	150	150
1611	灵虎马牌(女)	0	0	0	0	-1	0	0	0	0	-1	-1	-1	0	8	-1	-1	0	0	0	3600	1056	-1	-1	-1	-1	-1	-1	-1	8	-1	-1	-1	0	-1	-1	-1	-1	-1	-1	-1	-1	0	150	150
1612	主宰马牌(女)	0	0	0	0	-1	0	0	0	0	-1	-1	-1	0	8	-1	-1	0	0	0	4800	1056	-1	-1	-1	-1	-1	-1	-1	8	-1	-1	-1	0	-1	-1	-1	-1	-1	-1	-1	-1	0	150	150
1613	主宰马牌(男)	0	0	0	0	-1	0	0	0	0	-1	-1	-1	0	8	-1	-1	0	0	0	4800	1056	-1	-1	-1	-1	-1	-1	-1	8	-1	-1	-1	0	-1	-1	-1	-1	-1	-1	-1	-1	0	150	150
