爱拼传奇/麒麟坐骑	apcq	321	340	麒麟坐骑使者	0	0	0
爱拼传奇/炼体   	apcq	319	340	炼体大师	0	207	0
爱拼传奇/职业转换	apcq       330    335    职业转换    0    8  0   0
;爱拼传奇/龙啸功          apcq      333    340    龙啸神功   0   218   0
地下宫殿/迷宫商人	T1061G	17	22	迷宫商人	0	17	0	0	0
地下宫殿/地下城守卫	T1061G	20	24	地下城守卫	0	15	0	0	0
地下宫殿/仓库管理员	D505A	160	180	仓库管理员	0	9	0	0	0
地下宫殿/宫殿小贩	D505A	170	170	宫殿小贩	0	3	0	0	0
巨魔巢穴/集结之地	XYjjzd	50	58	巨魔之门	0	57	0	0	0
巨魔巢穴/前哨营地	XYqsyd	77	79	巨魔之门	0	57	0	0	0
巨魔巢穴/魔巢防线	XYmcfx1	74	33	巨魔之门	0	57	0	0	0
巨魔巢穴/魔巢防线	XYmcfx2	83	83	巨魔之门	0	57	0	0	0
巨魔巢穴/最终防线	XYzzfx	83	83	巨魔之门	0	57	0	0	0
巨魔巢穴/征战大厅	XYzzdt	27	24	巨魔之门	0	57	0	0	0
巨魔巢穴/疯狂大厅	XYfkdt	48	29	巨魔之门	0	57	0	0	0
巨魔巢穴/血腥大厅	XYxxdt	44	46	巨魔之门	0	57	0	0	0
巨魔巢穴/痛苦大厅	XYtkdt	23	43	巨魔之门	0	57	0	0	0
巨魔巢穴/连接通道	XYljtd	20	56	巨魔之门	0	57	0	0	0



狐月山/老兵	FOX02	49	83	狐月老兵	0	1	0	0	0
狐月山/长老	FOX02	223	299	狐月长老	0	1	0	0	0
狐月山/长老	FOX01	119	21	狐月长老	0	1	0	0	0
狐月山/药店老板	FOX02	50	88	药店老板	0	1	0	0	0
狐月山/仓库管理员	FOX02	48	94	仓库管理员	0	9	0	0	0
狐月山/杂货店老板	FOX02	44	88	杂货店老板	0	3	0	0	0
狐月山/国王叛军教头	FOX02	55	83	国王叛军教头	0	15	0	0	0
狐月山/狐月任务使者	FOX02	54	79	狐月任务使者	0	18	0	0	0
狐月山/狐月老者 	FOX02	51	76	狐月老者	0	98	0	0	0


装备                 3          332   320   装备熔炼向导     0   31    0   0   0   0   0   






大陆庄园/庄园管家	GA0	52	46	管家	0	7	0	0	0
大陆庄园/炼气台	GA0	56	58	炼气台	0	64	0	0	0
;大陆庄园/荣耀点特使	GA0	66	66	荣耀点特使	0	17	0	0	0
;大陆庄园/宝石商人	GA0	67	70	宝石商人	0	68	0	0	0
大陆庄园/怒气商人	GA0	66	71	怒气商人	0	68	0	0	0
大陆庄园/大药商人	GA0	69	68	大药商人	0	1	0	0	0
大陆庄园/庄主	GA1	20	19	庄主	0	98	0	0	0
大陆庄园/鉴定师	GA1	16	31	鉴定师	0	68	0	0	0
;大陆庄园/寻宝人	GA1	21	36	寻宝人	0	102	0	0	0
大陆庄园/称号使者	GA1	33	21	称号使者	0	8	0	0	0
大陆庄园/丫鬟晓晓	GA0	48	50	丫鬟晓晓	0	96	0	0	0
大陆庄园/丫鬟莹莹	GA1	27	24	丫鬟莹莹	0	95	0	0	0
大陆庄园/火龙果林看守	GA0	52	70	火龙果林看守	0	97	0	0	0
;大陆庄园/水晶特使	GA0	67	55	水晶特使	0	105	0	0	0
;大陆庄园/精品商城	GA0	67	72	精品商城	0	18	0	0	0
大陆庄园/主宰守卫	GA0	71	54	主宰守卫	0	31	0	0	0
;大陆庄园/绝世高手	GA0	58	76	绝世高手	0	8	0	0	0
大陆庄园/仓库管理	GA0	68	69	仓库管理员	0	1	0	0	0
大陆庄园/元宝使者	GA0	70	67	元宝使者	0	15	0	0	0
;特殊商人/神戒使者	N114	20	80	北斗星君	0	24	0	0	0
;特殊商人/宫殿商人	T1061A	17	22	宫殿商人	0	17	0	0	0

特殊商人/地下城守卫	T1061A	20	24	地下城守卫	0	15	0	0	0
主宰领域/主宰守卫	ZZZLY	65	22	主宰守卫	0	31	0	0	0
主宰领域/主宰守卫	ZZZLY01	65	22	主宰守卫	0	31	0	0	0
主宰领域/主宰守卫	ZZZLY02	65	22	主宰守卫	0	31	0	0	0
主宰领域/主宰守卫	ZZZLY03	65	22	主宰守卫	0	31	0	0	0
主宰领域/主宰守卫	ZZZLY04	65	22	主宰守卫	0	31	0	0	0
主宰领域/主宰守卫	ZZZLY05	65	22	主宰守卫	0	31	0	0	0
主宰领域/主宰守卫	ZZZLY06	65	22	主宰守卫	0	31	0	0	0
主宰领域/主宰守卫	ZZZLY07	65	22	主宰守卫	0	31	0	0	0
主宰领域/主宰守卫	ZZZLY08	65	22	主宰守卫	0	31	0	0	0
主宰领域/主宰守卫	ZZZLY09	65	22	主宰守卫	0	31	0	0	0
主宰领域/主宰守卫	ZZZLY10	65	22	主宰守卫	0	31	0	0	0
主宰领域/主宰守卫	ZZZLY11	65	22	主宰守卫	0	31	0	0	0
主宰领域/主宰守卫	ZZZLY12	65	22	主宰守卫	0	31	0	0	0
主宰领域/主宰守卫	ZZZLY13	65	22	主宰守卫	0	31	0	0	0
主宰领域/主宰守卫	ZZZLY14	65	22	主宰守卫	0	31	0	0	0
主宰领域/主宰守卫	ZZZLY15	65	22	主宰守卫	0	31	0	0	0
主宰领域/主宰守卫	ZZZLY16	65	22	主宰守卫	0	31	0	0	0
主宰领域/主宰守卫	ZZZLY17	65	22	主宰守卫	0	31	0	0	0
主宰领域/主宰守卫	ZZZLY18	65	22	主宰守卫	0	31	0	0	0
主宰领域/主宰守卫	ZZZLY19	65	22	主宰守卫	0	31	0	0	0
主宰领域/主宰守卫	ZZZLY20	65	22	主宰守卫	0	31	0	0	0

魔龙城市/老兵	6	125	157	老兵	0	1	0	0	0
封魔神谷/老兵	4	238	196	老兵	0	1	0	0	0
封魔神谷/月老	M101	28	31	月老	0	14	0	0	0
沙巴克城/沙巴克_屠夫	3	659	301	沙巴克屠夫	0	11	0	0	0
沙巴克城/沙巴克_铁匠	new0151	22	37	沙巴克铁匠铺	0	0	0	0	0
沙巴克城/沙巴克_武器	new0151	26	32	沙巴克武器铺	0	0	0	0	0
沙巴克城/沙巴克_衣服	new0152	21	23	沙巴克布衣店	0	7	0	0	0
沙巴克城/沙巴克_头盔	new0152	17	28	沙巴克头盔店	0	5	0	0	0
沙巴克城/沙巴克_练药	new0153	23	37	沙巴克炼药	0	9	0	0	0
沙巴克城/沙巴克_药店	new0153	28	32	沙巴克药店	0	1	0	0	0
沙巴克城/沙巴克_仓库	new01571	21	29	沙巴克仓库管理	0	6	0	0	0
沙巴克城/沙巴克_手镯	new01581	22	40	沙巴克手镯店	0	6	0	0	0
沙巴克城/沙巴克_项链	new01581	30	32	沙巴克项链店	0	1	0	0	0
沙巴克城/沙巴克_戒指	new01581	29	38	沙巴克戒指店	0	5	0	0	0
沙巴克城/沙巴克_升级	new0151	31	27	沙巴克炼武器	0	0	1	0	0
沙巴克城/沙巴克_书店	new0155	24	38	沙巴克书店	0	2	1	0	0
沙巴克城/白日门来客	D701	103	156	白日门来客	0	20	0	0	0
沙巴克城/沙巴克_城主	3	628	282	沙巴克_城主	0	35	0	0	0

卧龙酒馆/龙卫信使	apcq	319	333	龙卫信使	0	16	0	0	0

卧龙酒馆/赐福仙子	3	378	297	赐福仙子	0	12	0	0	0
卧龙酒馆/龙卫信使	3	374	308	龙卫信使	0	16	0	0	0
卧龙酒馆/影月	3	379	304	影月	0	82	0	0	0
卧龙酒馆/辰星	3	380	305	辰星	0	83	0	0	0
卧龙酒馆/翔天	3	380	304	翔天	0	84	0	0	0
卧龙酒馆/店小二	3	383	307	店小二	0	80	0	0	0
卧龙酒馆/云游铁匠	3	372	303	云游铁匠	0	0	0	0	0
卧龙酒馆/跑堂小虎	0170	15	17	跑堂小虎	0	80	0	0	0
;卧龙酒馆/酒馆老板娘	0170	19	21	酒馆老板娘	0	81	0	0	0
卧龙酒馆/洞穴探险者	hl001	19	223	洞穴探险者	0	15	0	0	0
卧龙酒馆/洞穴探险者	hl002	80	154	洞穴探险者	0	15	0	0	0
卧龙酒馆/神秘护卫	pk01	13	9	神秘护卫	0	16	0	0	0
卧龙酒馆/神秘护卫	pk02	13	9	神秘护卫	0	16	0	0	0
卧龙酒馆/神秘护卫	pk03	13	9	神秘护卫	0	16	0	0	0
卧龙酒馆/神秘护卫	pk04	13	9	神秘护卫	0	16	0	0	0
卧龙酒馆/神秘护卫	pk05	13	9	神秘护卫	0	16	0	0	0
卧龙酒馆/神秘护卫	pk06	13	9	神秘护卫	0	16	0	0	0
卧龙酒馆/金针锻造师	3	381	309	金针锻造师	0	0	0	0	0
卧龙酒馆/英雄传功师	3	382	302	英雄传功师	0	24	0	0	0
卧龙酒馆/传功令大师	3	383	303	传功令大师	0	24	0	0	0
卧龙酒馆/龙卫山谷传送员	3	371	302	龙卫山谷传送员	0	15	0	0



沃玛森林/孤独老人	1	51	33	孤独老人	0	9	0	0	0
沃玛森林/安家铺子老板	1	314	72	安家铺子老板	0	0	0	0	0
沃玛森林/合家药店老板	1	309	81	合家药店老板	0	4	0	0	0
沃玛森林/老人	1	235	305	老人	0	9	0	0	0
沃玛森林/老兵	1	55	164	老兵	0	1	0	0	0
沃玛森林/封印石碑	1	209	526	封印石碑	0	49	0	0	0
沃玛森林/拾荒者	1	557	541	拾荒者	0	3	0	0	0








毒蛇山谷/服装店	2	515	479	服装店老板	0	7	0	0	0
毒蛇山谷/铁匠	2	518	492	铁匠	0	0	0	0	0
毒蛇山谷/杂货店	2	505	479	罗家铺子老板	0	3	0	0	0
毒蛇山谷/仓库	2	517	466	仓库保管员	0	5	0	0	0
毒蛇山谷/入场处	2	450	300	行会争霸入场处	0	2	0	0	0
毒蛇山谷/逃离点	F003	41	41	逃离点	0	2	0	0	0
封魔神谷/老兵	4	238	196	老兵	0	1	0	0	0




比奇/新手引导员    	0       645     626     新手引导员 	0       15	0
比奇/任务使者    	0       648     624     任务使者  	0       8	0
比奇/武馆教头           0       327     260     武馆教头        0       15	0
比奇/网络文明宣传员	0	326	261	网络文明宣传员	0	5	0
比奇/药店	0	291	610	边界村小店老板	0	1	0	0	0	0	0	
比奇/仓库	0140	8	9	仓库保管员	0	9	0	0	0	0	0	
比奇/武器店	0	294	613	边界村铁匠铺	0	0	0	0	0	0	0	
比奇/服饰店	0	306	608	白家服装老板	0	7	0	0	0	0	0	
比奇/项链店	0141	10	10	项链店老板	0	6	0	0	0	0	0	
比奇/手镯店	0141	16	16	手镯店老板	0	5	0	0	0	0	0	
比奇/戒指店	0141	23	23	戒指店老板	0	4	0	0	0	0	0	
比奇/书店	0132	5	18	朴家书屋老板	0	2	0	0	0	0	0	
比奇/屠夫	0	294	604	屠夫	0	11	0	0	0	0	0	
比奇/新手引导员	0	283	617	新手引导员	0	15	0	0	0	0	0	
比奇/任务使者	0	291	615	任务特使	0	8	0	0	0	0	0	
比奇/助手阿研	0	285	604	助手阿研	0	5	0	0	0	0	0	
比奇/仓库	0	630	647	穆家店(仓库)	0	6	0	0	0	0	0	
比奇/杂货铺	0	643	611	陈家铺(杂货店)	0	3	0	0	0	0	0	
比奇/武器店	0	647	602	精武馆(武器店)	0	0	0	0	0	0	0	
比奇/服饰店	0	640	597	高家店(服装店)	0	7	0	0	0	0	0	
比奇/药店	0119	10	11	许家店(药店)	0	1	0	0	0	0	0	
比奇/炼药	0119	14	14	药房小老板	0	9	0	0	0	0	0	
比奇/助手小敏	0	629	604	助手小敏	0	5	0	0	0	0	0	
比奇/屠夫	0	648	593	屠夫	0	11	0	0	0	0	0		
比奇/药店1	0	648	617	许家店(药店)	0	1	0	0	0	0	0
比奇/药店	0	324	293	夏家店老板	0	5	0	0	0	0	0	
比奇/药店	0108	7	7	赖家店老板	0	1	0	0	0	0	0	
比奇/仓库	0	302	257	仓库保管员	0	6	0	0	0	0	0	
比奇/仓库	0125	8	6	麦家铺子	0	9	0	0	0	0	0	
比奇/商人	0126	10	10	商人	0	9	0	0	0	0	0	
比奇/杂货铺	0	375	298	杂货铺老板	0	3	0	0	0	0	0	
比奇/老兵	0	330	266	比奇老兵	0	1	0	0	0	0	0	
比奇/海边老兵	0	107	415	海边老兵	0	1	0	0	0	0	0	
比奇/屠夫	0	313	271	屠夫	0	11	0	0	0	0	0	
比奇/书店老板	0	325	250	书店老板	0	2	0	0	0	0	0	
比奇/卫家店	0103	19	18	卫家店	0	0	0	0	0	0	0	
比奇/安家布衣	0106	19	6	安家布衣	0	7	0	0	0	0	0	
比奇/客栈老板	0101	5	10	客栈老板	0	12	0	0	0	0	0	
比奇/陈家铺子	0104	5	8	陈家铺子	0	2	0	0	0	0	0	
比奇/戒指店老板	0105	18	6	戒指店老板	0	4	0	0	0	0	0	
比奇/手镯店老板	0105	12	12	手镯店老板	0	5	0	0	0	0	0	
比奇/项链店老板	0105	6	18	项链店老板	0	6	0	0	0	0	0	
比奇/高级武士	0114	13	9	高级武士	0	15	0	0	0	0	0	
比奇/高级道士	0113	13	15	高级道士	0	15	0	0	0	0	0		
比奇/高级魔法师	0115	12	15	高级魔法师	0	15	0	0	0	0	0		
比奇/任务使者	0	333	261	任务特使	0	8	0	0	0	0	0	
比奇/易老顽童	0	331	272	易老顽童	0	98	0	0	0	0	0	
	

白日门/仓库	11	184	296	仓库保管	0	18	0	0	0	0	0	
白日门/天尊	11	225	272	天尊	0	14	0	0	0	0	0	
白日门/药店	1006	9	10	药店	0	26	0	0	0	0	0	
白日门/药剂师	1006	10	9	药剂师	0	22	0	0	0	0	0	
白日门/杂货铺	1007	11	15	杂货店	0	17	0	0	0	0	0	
白日门/龙人	11	162	327	龙人	0	15	0	0	0	0	0	
白日门/向导	11	186	299	向导	0	15	0	0	0	0	0	
白日门/道术教头	11	185	314	道术教头	0	24	0	0	0	0	0	
白日门/武术教头	11	190	317	武术教头	0	16	0	0	0	0	0	
白日门/武器店老板	1001	14	12	武器店老板	0	15	0	0	0	0	0	
白日门/首饰店老板	1005	9	11	首饰店老板	0	20	0	0	0	0	0	
白日门/服装店老板	1003	13	16	服装店老板	0	23	0	0	0	0	0	
白日门/书店老板	1004	9	11	书店老板	0	18	0	0	0	0	0	


苍月岛/仓库	5	126	332	仓库保管员	0	3	0	0	0
苍月岛/老兵	5	140	331	海岛老兵	0	1	0	0	0
苍月岛/杂货铺	5	137	313	杂货店	0	3	0	0	0
苍月岛/仓库	5	126	332	仓库保管员	0	3	0	0	0
苍月岛/炼药	5	161	314	药剂师	0	9	0	0	0
苍月岛/天虹法师	5	120	362	天虹法师	0	24	0	0	0
苍月岛/武器店老板	5	127	306	武器店老板	0	1	0	0	0
苍月岛/服装店老板	5	147	328	服装店老板	0	7	0	0	0
苍月岛/首饰店老板	5	155	339	首饰店老板	0	5	0	0	0
苍月岛/长老	NGRLY	42	37	长老	0	14	0	0	0
苍月岛/神秘人	5	139	326	神秘人	0	8	0	0	0
苍月岛/远征指挥官	5	143	326	远征指挥官	0	8	0	0	0




神龙边境/血玉兑换大使	mhfy	640	716	血玉兑换大使	0	15	0	0	0
神龙边境/寻宝人 	mhfy	640	717	寻宝人	0	5	0	0	0
神龙边境/镇龙石传送师 	mhfy	640	719	镇龙石传送师	0	16	0	0	0
神龙边境/秘境使者 	mhfy	640	722	秘境使者 	0	8	0	0	0
神龙边境/边境使者 	mhfy	640	725	边境使者 	0	31	0	0	0
神龙边境/远征指挥官 	mhfy	643	725	远征指挥官 	0	8	0	0	0
神龙边境/杂货铺 	mhfy	645	725	杂货铺 	0	3	0	0	0
神龙边境/交通疏散员	mhfy	646	725	交通疏散员 	0	1	0	0	0
神龙边境/边境长者	mhfy	63	49	边境长者 	0	24	0	0	0
神龙边境/神秘商人       MHFY    642     716     神秘商人        0        13   0    0   0




神龙帝国/关卡守卫	sldg	310	419	关卡守卫	0	31	0	0	0
神龙帝国/护林队长	sldg	100	577	护林队长	0	31	0	0	0
神龙帝国/巡逻卫士	sldg	104	518	巡逻卫士 	0	15	0	0	0
神龙帝国/护国将军	sldg	208	132	护国将军 	0	31	0	0	0
神龙帝国/帝国老兵	sldg	259	321	帝国老兵	0	1	0	0	0
神龙帝国/内功宗师	sldg	254	324	内功宗师	0	24	0	0	0
神龙帝国/镇魔守将	sldg	255	325	镇魔守将	0	15	0	0	0
;神龙帝国/远征沙巴克将军	sldg	256	326	远征沙巴克将军	0	31	0	0	0
神龙帝国/天机老人	sldg	257	327	天机老人	0	9	0	0	0
神龙帝国/贤者祝福使者	sldg	258	328	贤者祝福使者	0	8	0	0	0




神龙帝国/富贵狩猎人	sldg	262	316	富贵狩猎人	0	1	0	0	0
神龙帝国/龙域夺宝使者	sldg	263	317	龙域夺宝使者	0	15	0	0	0
神龙帝国/心法冲级赛使者	sldg	264	318	心法冲级赛使者	0	95	0	0	0
;神龙帝国/超级冲级赛使者	sldg	265	319	超级冲级赛使者	0	7	0	0	0
;神龙帝国/贤者祝福使者	sldg	266	320	帝国老兵	0	8	0	0	0
神龙帝国/道具回收兑换商	sldg	267	321	道具回收兑换商	0	17	0	0	0



叛军基地/国王军间谍	pj01	186	22	国王军间谍	0	15	0	0	0
叛军基地/国王军间谍	pj02	121	60	国王军间谍	0	15	0	0	0
瘟疫沼泽/沼泽引路人	WYZZ	227	24	沼泽引路人	0	18	0	0	0
瘟疫沼泽/沼泽引路人	3	372	297	瘟疫沼泽	0	18	0	0	0



铸剑                      CQBGC      10    15    『铸剑』大师         0   18    0   0   0   0   0   
开孔                      CQBGC      12    17    装备开孔         0   18    0   0   0   0   0   

;盟重土城/铸剑大师	CQBGC	14	16	『铸剑』大师	0	15	0
盟重土城/火龙将军	3	382	308	火龙将军	0	31	0	0	0
;盟重土城/测试NPC	3	333	333	CESHI	0	13	0	0	0
盟重土城/狂欢使者	3	328	335	狂欢使者	0	13	0	0	0
盟重土城/聚宝盆	3	320	326	聚宝盆	0	91	0	0	0
盟重土城/盟重省_流浪	3	346	334	流浪汉	0	3	0	0	0
盟重土城/天时据点	3	680	240	A30	0	72	0	0	0
盟重土城/地利据点	3	577	331	A31	0	72	0	0	0
盟重土城/人和据点	3	680	330	A32	0	72	0	0	0
盟重土城/活动大使	3	323	333	活动大使	0	12	0	0	0
盟重土城/内功宗师	3	324	340	内功宗师	0	24	0	0	0
盟重土城/心法冲级赛使者	3	324	320	心法冲级赛使者	0	95	0	0	0
盟重土城/道具回收兑换商	3	339	337	道具回收兑换商	0	17	0	0	0
;盟重土城/超级冲级赛	3	337	324	超级冲级赛使者	0	7	0	0	0
盟重土城/庆典仙子	3	330	335	烟花仙子	0	12	0	0	0
盟重土城/庆典仙子	QD001	20	23	庆典仙子	0	12	0	0	0
盟重土城/盟重公告牌	3	339	334	公告牌	0	49	0	0	0
盟重土城/老兵	3	327	326	老兵	0	1	0	0	0
盟重土城/镇魔守将	3	322	340	镇魔守将	3	15	0	0	0
;盟重土城/王者大使	3	329	324	王者大使	0	35	0	0	0	0	0	
盟重土城/人缘大使	3	326	335	人缘大使	0	31	0	0	0	0	0	
盟重土城/神秘来客	0161	3	10	神秘来客	0	24	0	0	0	0	0	
盟重土城/盟重省_仓库	0145	9	12	盟重仓库保管员	0	9	0	0	0	0	0	
盟重土城/盟重省_仓库	3	305	373	悦来客栈	0	6	0	0	0	0	0	
盟重土城/盟重省_衣服	0149	23	20	张家布衣	0	7	0	0	0	0	0	
盟重土城/盟重省_手套	0149	11	18	手套店	        0	4	0	0	0	0	0	
盟重土城/盟重省_头盔	0149	8	5	老张头盔店	0	5	0	0	0	0	0	
盟重土城/盟重省_武器	0159	5	9	铁匠铺	        0	0	0	0	0	0	0	
盟重土城/盟重省_药店	0160	5	8	罗家铺子	0	1	0	0	0	0	0	
盟重土城/盟重省_戒指	0158	11	16	戒指店	        0	5	0	0	0	0	0	
盟重土城/盟重省_手镯	0158	16	11	手镯店	        0	6	0	0	0	0	0	
盟重土城/盟重省_项链	0158	4	21	项链店	        0	4	0	0	0	0	0	
盟重土城/盟重省_流浪	3	346	334	流浪汉	        0	3	0	0	0	0	0	
盟重土城/盟重省_屠夫	3	357	331	屠夫	        0	11	0	0	0	0	0	
盟重土城/盟重省_药店	3	362	339	药店	        0	1	0	0	0	0	0	
盟重土城/盟重省_书店	0161	11	16	书店	        0	2	0	0	0	0	0	
盟重土城/盟重省_商人	0146	4	11	商人	        0	9	0	0	0	0	0
盟重土城/盟重省_宣传员	3	297	301	网络文明宣传员	0	5	0	0	0	0	0	
盟重土城/红名老者	3	858	661	红名老者	0	9	0	0	0	0	0	
盟重土城/天机老人	3	331	340	天机老人	0	9	0	0	0	0	0
;盟重土城/地图引导员	3	323	329	地图引导员	0	9	0	0	0	0	0
盟重土城/充值大使	3	342	340	充值大使	0	12	0	0	0	0	0
;天机任务
天机任务/天机老人	T1	51	50	天机老人	0	9	0	0	0	0	0
天机任务/天机老人	T2	51	50	天机老人	0	9	0	0	0	0	0
天机任务/天机老人	T3	51	50	天机老人	0	9	0	0	0	0	0
天机任务/天机老人	T4	51	50	天机老人	0	9	0	0	0	0	0
天机任务/天机老人	T5	51	50	天机老人	0	9	0	0	0	0	0
天机任务/天机老人	T6	51	50	天机老人	0	9	0	0	0	0	0
天机任务/天机老人	T7	51	50	天机老人	0	9	0	0	0	0	0
天机任务/天机老人	T8	51	50	天机老人	0	9	0	0	0	0	0
天机任务/天机老人	T9	51	50	天机老人	0	9	0	0	0	0	0
天机任务/天机老人	T10	51	50	天机老人	0	9	0	0	0	0	0


天庭/师门接引人 TT      20      28           师门接引人        0         2 0 0 0 0


爱拼传奇/赌博传送	apcq	325	333	豪华赌场专车	0	31	0	0	0
爱拼传奇/快速加血       apcq       329    340           瞬间满血	0	98	0	0    0   
爱拼传奇/点我有奖  	apcq       332   335  	爱拼传奇  	0  	13 	0
;爱拼传奇/终极技能       apcq       330    335      终极技能使者        0       104       0       0       0
爱拼传奇/闭关修炼        apcq      331   331    多功能闭关    0    59  0    0
爱拼传奇/赌庄		0171	15	16	拉斯维加斯	0	12	0
爱拼传奇/新人战场    apcq       319	329    初级打宝       0       56     0	0	0	1	1
爱拼传奇/首饰盒{最新}		apcq	337	340	首饰盒{最新}		0	109	0
爱拼传奇/爱拼传奇老兵{综合}  apcq    325   326    爱拼老兵{综合}     0    1  0   0
爱拼传奇/英雄管理  apcq   335   320    领取英雄    0    107  0   0
爱拼传奇/技能小秘书  apcq    330   320    技能小秘书    0    95  0   0
;爱拼传奇/新功能  apcq    338   340    爱拼传奇新功能    0    8  0   0
爱拼传奇/高级传送员     apcq       319     324     高级传送员      0       56     0	0	0	1	1
爱拼传奇/超时空隧道	3	338	330	传送员\盟重	0	8	0	0	0
爱拼传奇/超时空隧道	apcq	338	330	传送员\爱拼	0	8	0	0	0
爱拼传奇/超时空隧道	0	287	615	传送员\爱拼	0	8	0	0	0
爱拼传奇/地图指引者	apcq	325	320	全新地图{真}	0	120	0	0	0
爱拼传奇/万能商人      apcq    324      340     降级使者        0	98	0	0	0
爱拼传奇/传功令大师	apcq	319	337	传功令大师	0	24	0	0	0
爱拼传奇/英雄管理  0   294  617    领取英雄    0    35  0   0
爱拼传奇/英雄管理  0  652   625    领取英雄    0    35  0   0
爱拼传奇/新人战场	3       320	333  初级打宝[升级]	0	56	0	0	0   1    1

爱拼传奇	 3       317     336  爱拼传奇传送员	0	120	0	0	0

爱拼传奇/神羊神猴专爆	apcq	319	320	金鸡岭	0	120	0	0	0

爱拼传奇/称号            3	332	335       贤者祝福大使        0     8         0
爱拼传奇/官阶大臣         GA0      68	64       官阶大臣            0     209       0





