神龙权杖;1;1;1;0;;;10;;1;;1;;1;1;0;1;1;1;
神龙战刃;1;1;1;0;;;10;;1;;1;;1;1;0;1;1;1;
神龙宝扇;1;1;1;0;;;10;;1;;1;;1;1;0;1;1;1;
神龙战甲(男);1;1;1;0;;;10;;1;;1;;1;1;0;1;1;1;
神龙战甲(女);1;1;1;0;;;10;;1;;1;;1;1;0;1;1;1;
神龙魔衣(男);1;1;1;0;;;10;;1;;1;;1;1;0;1;1;1;
神龙魔衣(女);1;1;1;0;;;10;;1;;1;;1;1;0;1;1;1;
神龙道袍(男);1;1;1;0;;;10;;1;;1;;1;1;0;1;1;1;
神龙道袍(女);1;1;1;0;;;10;;1;;1;;1;1;0;1;1;1;
神龙斗笠(战);1;1;1;0;;;10;;1;;1;;1;1;0;1;1;1;
神龙斗笠(法);1;1;1;0;;;10;;1;;1;;1;1;0;1;1;1;
神龙斗笠(道);1;1;1;0;;;10;;1;;1;;1;1;0;1;1;1;
神龙面巾(战);1;1;1;0;;;10;;1;;1;;1;1;0;1;1;1;
神龙面巾(法);1;1;1;0;;;10;;1;;1;;1;1;0;1;1;1;
神龙面巾(道);1;1;1;0;;;10;;1;;1;;1;1;0;1;1;1;
神龙项链(战);1;1;1;0;;;10;;1;;1;;1;1;0;1;1;1;
神龙项链(法);1;1;1;0;;;10;;1;;1;;1;1;0;1;1;1;
神龙项链(道);1;1;1;0;;;10;;1;;1;;1;1;0;1;1;1;
神龙战盔;1;1;1;0;;;10;;1;;1;;1;1;0;1;1;1;
神龙法冠;1;1;1;0;;;10;;1;;1;;1;1;0;1;1;1;
神龙道盔;1;1;1;0;;;10;;1;;1;;1;1;0;1;1;1;
神龙战勋;1;1;1;0;;;10;;1;;1;;1;1;0;1;1;1;
神龙法勋;1;1;1;0;;;10;;1;;1;;1;1;0;1;1;1;
神龙道勋;1;1;1;0;;;10;;1;;1;;1;1;0;1;1;1;
神龙护腕(战);1;1;1;0;;;10;;1;;1;;1;1;0;1;1;1;
神龙护腕(法);1;1;1;0;;;10;;1;;1;;1;1;0;1;1;1;
神龙护腕(道);1;1;1;0;;;10;;1;;1;;1;1;0;1;1;1;
神龙战戒;1;1;1;0;;;10;;1;;1;;1;1;0;1;1;1;
神龙魔戒;1;1;1;0;;;10;;1;;1;;1;1;0;1;1;1;
神龙道戒;1;1;1;0;;;10;;1;;1;;1;1;0;1;1;1;
神龙腰带(战);1;1;1;0;;;10;;1;;1;;1;1;0;1;1;1;
神龙腰带(法);1;1;1;0;;;10;;1;;1;;1;1;0;1;1;1;
神龙腰带(道);1;1;1;0;;;10;;1;;1;;1;1;0;1;1;1;
神龙战靴;1;1;1;0;;;10;;1;;1;;1;1;0;1;1;1;
神龙魔靴;1;1;1;0;;;10;;1;;1;;1;1;0;1;1;1;
神龙道靴;1;1;1;0;;;10;;1;;1;;1;1;0;1;1;1;
真龙战刃;1;1;1;0;;;10;;1;;1;;1;1;0;1;1;1;
真龙权杖;1;1;1;0;;;10;;1;;1;;1;1;0;1;1;1;
真龙宝扇;1;1;1;0;;;10;;1;;1;;1;1;0;1;1;1;
真龙战甲(男);1;1;1;0;;;10;;1;;1;;1;1;0;1;1;1;
真龙战甲(女);1;1;1;0;;;10;;1;;1;;1;1;0;1;1;1;
真龙魔衣(男);1;1;1;0;;;10;;1;;1;;1;1;0;1;1;1;
真龙魔衣(女);1;1;1;0;;;10;;1;;1;;1;1;0;1;1;1;
真龙道袍(男);1;1;1;0;;;10;;1;;1;;1;1;0;1;1;1;
真龙道袍(女);1;1;1;0;;;10;;1;;1;;1;1;0;1;1;1;
真龙斗笠(战);1;1;1;0;;;10;;1;;1;;1;1;0;1;1;1;
真龙斗笠(法);1;1;1;0;;;10;;1;;1;;1;1;0;1;1;1;
真龙斗笠(道);1;1;1;0;;;10;;1;;1;;1;1;0;1;1;1;
真龙面巾(战);1;1;1;0;;;10;;1;;1;;1;1;0;1;1;1;
真龙面巾(法);1;1;1;0;;;10;;1;;1;;1;1;0;1;1;1;
真龙面巾(道);1;1;1;0;;;10;;1;;1;;1;1;0;1;1;1;
真龙项链(战);1;1;1;0;;;10;;1;;1;;1;1;0;1;1;1;
真龙项链(法);1;1;1;0;;;10;;1;;1;;1;1;0;1;1;1;
真龙项链(道);1;1;1;0;;;10;;1;;1;;1;1;0;1;1;1;
真龙战盔;1;1;1;0;;;10;;1;;1;;1;1;0;1;1;1;
真龙法冠;1;1;1;0;;;10;;1;;1;;1;1;0;1;1;1;
真龙道盔;1;1;1;0;;;10;;1;;1;;1;1;0;1;1;1;
真龙战勋;1;1;1;0;;;10;;1;;1;;1;1;0;1;1;1;
真龙法勋;1;1;1;0;;;10;;1;;1;;1;1;0;1;1;1;
真龙护腕(战);1;1;1;0;;;10;;1;;1;;1;1;0;1;1;1;
真龙道勋;1;1;1;0;;;10;;1;;1;;1;1;0;1;1;1;
真龙护腕(法);1;1;1;0;;;10;;1;;1;;1;1;0;1;1;1;
真龙护腕(道);1;1;1;0;;;10;;1;;1;;1;1;0;1;1;1;
真龙战戒;1;1;1;0;;;10;;1;;1;;1;1;0;1;1;1;
真龙魔戒;1;1;1;0;;;10;;1;;1;;1;1;0;1;1;1;
真龙道戒;1;1;1;0;;;10;;1;;1;;1;1;0;1;1;1;
真龙腰带(战);1;1;1;0;;;10;;1;;1;;1;1;0;1;1;1;
真龙腰带(法);1;1;1;0;;;10;;1;;1;;1;1;0;1;1;1;
真龙腰带(道);1;1;1;0;;;10;;1;;1;;1;1;0;1;1;1;
真龙战靴;1;1;1;0;;;10;;1;;1;;1;1;0;1;1;1;
真龙魔靴;1;1;1;0;;;10;;1;;1;;1;1;0;1;1;1;
真龙道靴;1;1;1;0;;;10;;1;;1;;1;1;0;1;1;1;
血玉lv.1;0;1;0;1;血玉Lv.2;火龙果;10;白日门火龙果;10;;1;;1;1;0;1;1;1;
血玉Lv.2;0;1;0;1;血玉Lv.3;火龙果;10;白日门火龙果;10;;1;;1;1;0;1;1;1;
血玉Lv.3;0;1;0;1;血玉Lv.4;火龙果;10;白日门火龙果;10;;1;;1;1;0;1;1;1;
血玉Lv.4;0;1;0;1;血玉Lv.5;火龙果;10;白日门火龙果;10;;1;;1;1;0;1;1;1;
血玉Lv.5;0;1;0;1;血玉Lv.6;火龙果;10;白日门火龙果;10;;1;;1;1;0;1;1;1;
血玉Lv.6;0;1;0;1;血玉Lv.7;火龙果;10;白日门火龙果;10;;1;;1;1;0;1;1;1;
血玉Lv.7;0;1;0;1;血玉Lv.8;火龙果;10;白日门火龙果;10;;1;;1;1;0;1;1;1;
血玉Lv.8;0;1;0;1;血玉Lv.9;火龙果;10;白日门火龙果;10;;1;;1;1;0;1;1;1;
血玉Lv.9;0;1;0;1;血玉Lv.10;火龙果;10;白日门火龙果;10;;1;;1;1;0;1;1;1;
血玉Lv.10;0;1;0;1;血玉Lv.11;火龙果;30;白日门火龙果;30;;1;;1;1;0;1;1;1;
血玉Lv.11;0;1;0;1;血玉Lv.12;火龙果;30;白日门火龙果;30;;1;;1;1;0;1;1;1;
血玉Lv.12;0;1;0;1;血玉Lv.13;火龙果;30;白日门火龙果;30;;1;;1;1;0;1;1;1;
血玉Lv.13;0;1;0;1;血玉Lv.21;火龙果;30;白日门火龙果;30;;1;;1;1;0;1;1;1;
血玉Lv.21;0;1;0;1;血玉Lv.15;火龙果;30;白日门火龙果;30;;1;;1;1;0;1;1;1;
血玉Lv.15;0;1;0;1;血玉Lv.16;火龙果;30;白日门火龙果;30;;1;;1;1;0;1;1;1;
血玉Lv.16;0;1;0;1;血玉Lv.17;火龙果;30;白日门火龙果;30;;1;;1;1;0;1;1;1;
血玉Lv.17;0;1;0;1;血玉Lv.18;火龙果;30;白日门火龙果;30;;1;;1;1;0;1;1;1;
血玉Lv.18;0;1;0;1;血玉Lv.19;火龙果;30;白日门火龙果;30;;1;;1;1;0;1;1;1;
血玉Lv.19;0;1;0;1;血玉Lv.20;火龙果;30;白日门火龙果;30;;1;;1;1;0;1;1;1;
血玉Lv.20;0;1;0;1;血玉Lv.21;火龙果;50;白日门火龙果;50;;1;;1;1;0;1;1;1;
血玉Lv.21;0;1;0;1;血玉Lv.22;火龙果;50;白日门火龙果;50;;1;;1;1;0;1;1;1;
血玉Lv.22;0;1;0;1;血玉Lv.23;火龙果;50;白日门火龙果;50;;1;;1;1;0;1;1;1;
血玉Lv.23;0;1;0;1;血玉Lv.24;火龙果;50;白日门火龙果;50;;1;;1;1;0;1;1;1;
血玉Lv.24;0;1;0;1;血玉Lv.MAX;火龙果;100;白日门火龙果;100;;1;;1;1;0;1;1;1;
血玉Lv.MAX;0;1;0;1;灵玉Lv.1;火龙果;200;白日门火龙果;200;;1;;1;1;0;1;1;1;
灵玉Lv.1;0;1;0;1;灵玉Lv.2;火龙果;20;白日门火龙果;20;;1;;1;1;0;1;1;1;
灵玉Lv.2;0;1;0;1;灵玉Lv.3;火龙果;20;白日门火龙果;20;;1;;1;1;0;1;1;1;
灵玉Lv.3;0;1;0;1;灵玉Lv.4;火龙果;20;白日门火龙果;20;;1;;1;1;0;1;1;1;
灵玉Lv.4;0;1;0;1;灵玉Lv.5;火龙果;20;白日门火龙果;20;;1;;1;1;0;1;1;1;
灵玉Lv.5;0;1;0;1;灵玉Lv.6;火龙果;20;白日门火龙果;20;;1;;1;1;0;1;1;1;
灵玉Lv.6;0;1;0;1;灵玉Lv.7;火龙果;20;白日门火龙果;20;;1;;1;1;0;1;1;1;
灵玉Lv.7;0;1;0;1;灵玉Lv.8;火龙果;20;白日门火龙果;20;;1;;1;1;0;1;1;1;
灵玉Lv.8;0;1;0;1;灵玉Lv.9;火龙果;20;白日门火龙果;20;;1;;1;1;0;1;1;1;
灵玉Lv.9;0;1;0;1;灵玉Lv.10;火龙果;20;白日门火龙果;20;;1;;1;1;0;1;1;1;
灵玉Lv.10;0;1;0;1;灵玉Lv.11;火龙果;50;白日门火龙果;50;;1;;1;1;0;1;1;1;
灵玉Lv.11;0;1;0;1;灵玉Lv.12;火龙果;50;白日门火龙果;50;;1;;1;1;0;1;1;1;
灵玉Lv.12;0;1;0;1;灵玉Lv.13;火龙果;50;白日门火龙果;50;;1;;1;1;0;1;1;1;
灵玉Lv.13;0;1;0;1;灵玉Lv.21;火龙果;50;白日门火龙果;50;;1;;1;1;0;1;1;1;
灵玉Lv.21;0;1;0;1;灵玉Lv.15;火龙果;50;白日门火龙果;50;;1;;1;1;0;1;1;1;
灵玉Lv.15;0;1;0;1;灵玉Lv.16;火龙果;50;白日门火龙果;50;;1;;1;1;0;1;1;1;
灵玉Lv.16;0;1;0;1;灵玉Lv.17;火龙果;50;白日门火龙果;50;;1;;1;1;0;1;1;1;
灵玉Lv.17;0;1;0;1;灵玉Lv.18;火龙果;50;白日门火龙果;50;;1;;1;1;0;1;1;1;
灵玉Lv.18;0;1;0;1;灵玉Lv.19;火龙果;50;白日门火龙果;50;;1;;1;1;0;1;1;1;
灵玉Lv.19;0;1;0;1;灵玉Lv.20;火龙果;50;白日门火龙果;50;;1;;1;1;0;1;1;1;
灵玉Lv.20;0;1;0;1;灵玉Lv.21;火龙果;80;白日门火龙果;80;;1;;1;1;0;1;1;1;
灵玉Lv.21;0;1;0;1;灵玉Lv.22;火龙果;80;白日门火龙果;80;;1;;1;1;0;1;1;1;
灵玉Lv.22;0;1;0;1;灵玉Lv.23;火龙果;80;白日门火龙果;80;;1;;1;1;0;1;1;1;
灵玉Lv.23;0;1;0;1;灵玉Lv.24;火龙果;80;白日门火龙果;80;;1;;1;1;0;1;1;1;
灵玉Lv.24;0;1;0;1;灵玉Lv.MAX;火龙果;300;白日门火龙果;300;;1;;1;1;0;1;1;1;
灵玉Lv.MAX;0;1;0;1;魂玉Lv.1;火龙果;50;白日门火龙果;50;;1;;1;1;0;1;1;1;
魂玉Lv.1;0;1;0;1;魂玉Lv.2;火龙果;50;白日门火龙果;50;;1;;1;1;0;1;1;1;
魂玉Lv.2;0;1;0;1;魂玉Lv.3;火龙果;50;白日门火龙果;50;;1;;1;1;0;1;1;1;
魂玉Lv.3;0;1;0;1;魂玉Lv.4;火龙果;50;白日门火龙果;50;;1;;1;1;0;1;1;1;
魂玉Lv.4;0;1;0;1;魂玉Lv.5;火龙果;50;白日门火龙果;50;;1;;1;1;0;1;1;1;
魂玉Lv.5;0;1;0;1;魂玉Lv.6;火龙果;50;白日门火龙果;50;;1;;1;1;0;1;1;1;
魂玉Lv.6;0;1;0;1;魂玉Lv.7;火龙果;50;白日门火龙果;50;;1;;1;1;0;1;1;1;
魂玉Lv.7;0;1;0;1;魂玉Lv.8;火龙果;50;白日门火龙果;50;;1;;1;1;0;1;1;1;
魂玉Lv.8;0;1;0;1;魂玉Lv.9;火龙果;50;白日门火龙果;50;;1;;1;1;0;1;1;1;
魂玉Lv.9;0;1;0;1;魂玉Lv.10;火龙果;50;白日门火龙果;50;;1;;1;1;0;1;1;1;
魂玉Lv.10;0;1;0;1;魂玉Lv.11;火龙果;100;白日门火龙果;100;;1;;1;1;0;1;1;1;
魂玉Lv.11;0;1;0;1;魂玉Lv.12;火龙果;100;白日门火龙果;100;;1;;1;1;0;1;1;1;
魂玉Lv.12;0;1;0;1;魂玉Lv.13;火龙果;100;白日门火龙果;100;;1;;1;1;0;1;1;1;
魂玉Lv.13;0;1;0;1;魂玉Lv.21;火龙果;100;白日门火龙果;100;;1;;1;1;0;1;1;1;
魂玉Lv.21;0;1;0;1;魂玉Lv.15;火龙果;100;白日门火龙果;100;;1;;1;1;0;1;1;1;
魂玉Lv.15;0;1;0;1;魂玉Lv.16;火龙果;100;白日门火龙果;100;;1;;1;1;0;1;1;1;
魂玉Lv.16;0;1;0;1;魂玉Lv.17;火龙果;100;白日门火龙果;100;;1;;1;1;0;1;1;1;
魂玉Lv.17;0;1;0;1;魂玉Lv.18;火龙果;100;白日门火龙果;100;;1;;1;1;0;1;1;1;
魂玉Lv.18;0;1;0;1;魂玉Lv.19;火龙果;100;白日门火龙果;100;;1;;1;1;0;1;1;1;
魂玉Lv.19;0;1;0;1;魂玉Lv.20;火龙果;100;白日门火龙果;100;;1;;1;1;0;1;1;1;
魂玉Lv.20;0;1;0;1;魂玉Lv.21;火龙果;150;白日门火龙果;100;;1;;1;1;0;1;1;1;
魂玉Lv.21;0;1;0;1;魂玉Lv.22;火龙果;150;白日门火龙果;100;;1;;1;1;0;1;1;1;
魂玉Lv.22;0;1;0;1;魂玉Lv.23;火龙果;150;白日门火龙果;100;;1;;1;1;0;1;1;1;
魂玉Lv.23;0;1;0;1;魂玉Lv.24;火龙果;150;白日门火龙果;100;;1;;1;1;0;1;1;1;
魂玉Lv.24;7;1;1;1;魂玉Lv.MAX;火龙果;500;白日门火龙果;500;;1;;1;1;0;1;1;1;
金蛇战刃;2;1;1;0;;火龙果;500;白日门火龙果;500;;1;;1;1;0;1;1;1;
金蛇权杖;2;1;1;0;;火龙果;500;白日门火龙果;500;;1;;1;1;0;1;1;1;
金蛇宝扇;2;1;1;0;;火龙果;500;白日门火龙果;500;;1;;1;1;0;1;1;1;
金蛇战甲(男);2;1;1;0;;火龙果;500;白日门火龙果;500;;1;;1;1;0;1;1;1;
金蛇战甲(女);2;1;1;0;;火龙果;500;白日门火龙果;500;;1;;1;1;0;1;1;1;
金蛇魔衣(男);2;1;1;0;;火龙果;500;白日门火龙果;500;;1;;1;1;0;1;1;1;
金蛇魔衣(女);2;1;1;0;;火龙果;500;白日门火龙果;500;;1;;1;1;0;1;1;1;
金蛇道袍(男);2;1;1;0;;火龙果;500;白日门火龙果;500;;1;;1;1;0;1;1;1;
金蛇道袍(女);2;1;1;0;;火龙果;500;白日门火龙果;500;;1;;1;1;0;1;1;1;
金蛇之冠;2;1;1;0;;火龙果;500;白日门火龙果;500;;1;;1;1;0;1;1;1;
金蛇面巾;2;1;1;0;;火龙果;500;白日门火龙果;500;;1;;1;1;0;1;1;1;
金蛇项链;2;1;1;0;;火龙果;500;白日门火龙果;500;;1;;1;1;0;1;1;1;
金蛇勋章;2;1;1;0;;火龙果;500;白日门火龙果;500;;1;;1;1;0;1;1;1;
金蛇护腕;2;1;1;0;;火龙果;500;白日门火龙果;500;;1;;1;1;0;1;1;1;
金蛇之戒;2;1;1;0;;火龙果;500;白日门火龙果;500;;1;;1;1;0;1;1;1;
金蛇之靴;2;1;1;0;;火龙果;500;白日门火龙果;500;;1;;1;1;0;1;1;1;
金蛇腰带;2;1;1;0;;火龙果;500;白日门火龙果;500;;1;;1;1;0;1;1;1;
金蛇斗笠;2;1;1;0;;火龙果;500;白日门火龙果;500;;1;;1;1;0;1;1;1;
灵蛇战刃;2;1;1;0;;火龙果;500;白日门火龙果;500;;1;;1;1;0;1;1;1;
灵蛇权杖;2;1;1;0;;火龙果;500;白日门火龙果;500;;1;;1;1;0;1;1;1;
灵蛇宝扇;2;1;1;0;;火龙果;500;白日门火龙果;500;;1;;1;1;0;1;1;1;
灵蛇战甲(男);2;1;1;0;;火龙果;500;白日门火龙果;500;;1;;1;1;0;1;1;1;
灵蛇战甲(女);2;1;1;0;;火龙果;500;白日门火龙果;500;;1;;1;1;0;1;1;1;
灵蛇魔衣(男);2;1;1;0;;火龙果;500;白日门火龙果;500;;1;;1;1;0;1;1;1;
灵蛇魔衣(女);2;1;1;0;;火龙果;500;白日门火龙果;500;;1;;1;1;0;1;1;1;
灵蛇道袍(男);2;1;1;0;;火龙果;500;白日门火龙果;500;;1;;1;1;0;1;1;1;
灵蛇道袍(女);2;1;1;0;;火龙果;500;白日门火龙果;500;;1;;1;1;0;1;1;1;
灵蛇战盔;2;1;1;0;;火龙果;500;白日门火龙果;500;;1;;1;1;0;1;1;1;
灵蛇面巾(战);2;1;1;0;;火龙果;500;白日门火龙果;500;;1;;1;1;0;1;1;1;
灵蛇项链(战);2;1;1;0;;火龙果;500;白日门火龙果;500;;1;;1;1;0;1;1;1;
灵蛇战勋;2;1;1;0;;火龙果;500;白日门火龙果;500;;1;;1;1;0;1;1;1;
灵蛇护腕(战);2;1;1;0;;火龙果;500;白日门火龙果;500;;1;;1;1;0;1;1;1;
灵蛇战戒;2;1;1;0;;火龙果;500;白日门火龙果;500;;1;;1;1;0;1;1;1;
灵蛇战靴;2;1;1;0;;火龙果;500;白日门火龙果;500;;1;;1;1;0;1;1;1;
灵蛇腰带(战);2;1;1;0;;火龙果;500;白日门火龙果;500;;1;;1;1;0;1;1;1;
灵蛇斗笠(战);2;1;1;0;;火龙果;500;白日门火龙果;500;;1;;1;1;0;1;1;1;
灵蛇斗笠(法);2;1;1;0;;火龙果;500;白日门火龙果;500;;1;;1;1;0;1;1;1;
灵蛇面巾(法);2;1;1;0;;火龙果;500;白日门火龙果;500;;1;;1;1;0;1;1;1;
灵蛇项链(法);2;1;1;0;;火龙果;500;白日门火龙果;500;;1;;1;1;0;1;1;1;
灵蛇法勋;2;1;1;0;;火龙果;500;白日门火龙果;500;;1;;1;1;0;1;1;1;
灵蛇法冠;2;1;1;0;;火龙果;500;白日门火龙果;500;;1;;1;1;0;1;1;1;
灵蛇护腕(法);2;1;1;0;;火龙果;500;白日门火龙果;500;;1;;1;1;0;1;1;1;
灵蛇魔戒;2;1;1;0;;火龙果;500;白日门火龙果;500;;1;;1;1;0;1;1;1;
灵蛇腰带(法);2;1;1;0;;火龙果;500;白日门火龙果;500;;1;;1;1;0;1;1;1;
灵蛇魔靴;2;1;1;0;;火龙果;500;白日门火龙果;500;;1;;1;1;0;1;1;1;
灵蛇斗笠(道);2;1;1;0;;火龙果;500;白日门火龙果;500;;1;;1;1;0;1;1;1;
灵蛇面巾(道);2;1;1;0;;火龙果;500;白日门火龙果;500;;1;;1;1;0;1;1;1;
灵蛇项链(道);2;1;1;0;;火龙果;500;白日门火龙果;500;;1;;1;1;0;1;1;1;
灵蛇道勋;2;1;1;0;;火龙果;500;白日门火龙果;500;;1;;1;1;0;1;1;1;
灵蛇道盔;2;1;1;0;;火龙果;500;白日门火龙果;500;;1;;1;1;0;1;1;1;
灵蛇护腕(道);2;1;1;0;;火龙果;500;白日门火龙果;500;;1;;1;1;0;1;1;1;
灵蛇道戒;2;1;1;0;;火龙果;500;白日门火龙果;500;;1;;1;1;0;1;1;1;
灵蛇腰带(道);2;1;1;0;;火龙果;500;白日门火龙果;500;;1;;1;1;0;1;1;1;
灵蛇道靴;2;1;1;0;;火龙果;500;白日门火龙果;500;;1;;1;1;0;1;1;1;
魂玉Lv.MAX;7;1;1;0;;火龙果;500;白日门火龙果;500;;1;;1;1;0;1;1;1;
神蛇战刃;7;1;1;0;;绝影石(武器);500;;0;;1;;1;1;0;1;1;1;
神蛇权杖;7;1;1;0;;绝影石(武器);500;;0;;1;;1;1;0;1;1;1;
神蛇宝扇;7;1;1;0;;绝影石(武器);500;;0;;1;;1;1;0;1;1;1;
神蛇战甲(男);7;1;1;0;;绝影石(武器);500;;0;;1;;1;1;0;1;1;1;
神蛇战甲(女);7;1;1;0;;绝影石(武器);500;;0;;1;;1;1;0;1;1;1;
神蛇魔衣(男);7;1;1;0;;绝影石(武器);500;;0;;1;;1;1;0;1;1;1;
神蛇魔衣(女);7;1;1;0;;绝影石(武器);500;;0;;1;;1;1;0;1;1;1;
神蛇道袍(男);7;1;1;0;;绝影石(武器);500;;0;;1;;1;1;0;1;1;1;
神蛇道袍(女);7;1;1;0;;绝影石(武器);500;;0;;1;;1;1;0;1;1;1;
神蛇战盔;7;1;1;0;;绝影石(武器);500;;0;;1;;1;1;0;1;1;1;
神蛇面巾(战);7;1;1;0;;绝影石(武器);500;;0;;1;;1;1;0;1;1;1;
神蛇项链(战);7;1;1;0;;绝影石(武器);500;;0;;1;;1;1;0;1;1;1;
神蛇战勋;7;1;1;0;;绝影石(武器);500;;0;;1;;1;1;0;1;1;1;
神蛇护腕(战);7;1;1;0;;绝影石(武器);500;;0;;1;;1;1;0;1;1;1;
神蛇战戒;7;1;1;0;;绝影石(武器);500;;0;;1;;1;1;0;1;1;1;
神蛇战靴;7;1;1;0;;绝影石(武器);500;;0;;1;;1;1;0;1;1;1;
神蛇腰带(战);7;1;1;0;;绝影石(武器);500;;0;;1;;1;1;0;1;1;1;
神蛇斗笠(战);7;1;1;0;;绝影石(武器);500;;0;;1;;1;1;0;1;1;1;
神蛇斗笠(法);7;1;1;0;;绝影石(武器);500;;0;;1;;1;1;0;1;1;1;
神蛇面巾(法);7;1;1;0;;绝影石(武器);500;;0;;1;;1;1;0;1;1;1;
神蛇项链(法);7;1;1;0;;绝影石(武器);500;;0;;1;;1;1;0;1;1;1;
神蛇法勋;7;1;1;0;;绝影石(武器);500;;0;;1;;1;1;0;1;1;1;
神蛇法冠;7;1;1;0;;绝影石(武器);500;;0;;1;;1;1;0;1;1;1;
神蛇护腕(法);7;1;1;0;;绝影石(武器);500;;0;;1;;1;1;0;1;1;1;
神蛇魔戒;7;1;1;0;;绝影石(武器);500;;0;;1;;1;1;0;1;1;1;
神蛇腰带(法);7;1;1;0;;绝影石(武器);500;;0;;1;;1;1;0;1;1;1;
神蛇魔靴;7;1;1;0;;绝影石(武器);500;;0;;1;;1;1;0;1;1;1;
神蛇斗笠(道);7;1;1;0;;绝影石(武器);500;;0;;1;;1;1;0;1;1;1;
神蛇面巾(道);7;1;1;0;;绝影石(武器);500;;0;;1;;1;1;0;1;1;1;
神蛇项链(道);7;1;1;0;;绝影石(武器);500;;0;;1;;1;1;0;1;1;1;
神蛇道勋;7;1;1;0;;绝影石(武器);500;;0;;1;;1;1;0;1;1;1;
神蛇道盔;7;1;1;0;;绝影石(武器);500;;0;;1;;1;1;0;1;1;1;
神蛇护腕(道);7;1;1;0;;绝影石(武器);500;;0;;1;;1;1;0;1;1;1;
神蛇道戒;7;1;1;0;;绝影石(武器);500;;0;;1;;1;1;0;1;1;1;
神蛇腰带(道);7;1;1;0;;绝影石(武器);500;;0;;1;;1;1;0;1;1;1;
神蛇道靴;7;1;1;0;;绝影石(武器);500;;0;;1;;1;1;0;1;1;1;
一级军鼓(战);7;1;1;0;;绝影石(武器);500;;0;;1;;1;1;0;1;1;1;
一级军鼓(法);7;1;1;0;;绝影石(武器);500;;0;;1;;1;1;0;1;1;1;
一级军鼓(道);7;1;1;0;;绝影石(武器);500;;0;;1;;1;1;0;1;1;1;
二级军鼓(战);7;1;1;0;;绝影石(武器);500;;0;;1;;1;1;0;1;1;1;
二级军鼓(法);7;1;1;0;;绝影石(武器);500;;0;;1;;1;1;0;1;1;1;
二级军鼓(道);7;1;1;0;;绝影石(武器);500;;0;;1;;1;1;0;1;1;1;
三级军鼓(战);7;1;1;0;;绝影石(武器);500;;0;;1;;1;1;0;1;1;1;
三级军鼓(法);7;1;1;0;;绝影石(武器);500;;0;;1;;1;1;0;1;1;1;
三级军鼓(道);7;1;1;0;;绝影石(武器);500;;0;;1;;1;1;0;1;1;1;
四级军鼓(战);7;1;1;0;;绝影石(武器);500;;0;;1;;1;1;0;1;1;1;
四级军鼓(法);7;1;1;0;;绝影石(武器);500;;0;;1;;1;1;0;1;1;1;
四级军鼓(道);7;1;1;0;;绝影石(武器);500;;0;;1;;1;1;0;1;1;1;
五级军鼓(战);7;1;1;0;;绝影石(武器);500;;0;;1;;1;1;0;1;1;1;
五级军鼓(法);7;1;1;0;;绝影石(武器);500;;0;;1;;1;1;0;1;1;1;
五级军鼓(道);7;1;1;0;;绝影石(武器);500;;0;;1;;1;1;0;1;1;1;
六级军鼓(战);7;1;1;0;;绝影石(武器);500;;0;;1;;1;1;0;1;1;1;
六级军鼓(法);7;1;1;0;;绝影石(武器);500;;0;;1;;1;1;0;1;1;1;
六级军鼓(道);7;1;1;0;;绝影石(武器);500;;0;;1;;1;1;0;1;1;1;
七级军鼓(战);7;1;1;0;;绝影石(武器);500;;0;;1;;1;1;0;1;1;1;
七级军鼓(法);7;1;1;0;;绝影石(武器);500;;0;;1;;1;1;0;1;1;1;
七级军鼓(道);7;1;1;0;;绝影石(武器);500;;0;;1;;1;1;0;1;1;1;
八级军鼓(法);7;1;1;1;九级军鼓(法);九级鼓升级凭证;1;;0;;1;;1;1;0;1;1;1;
八级军鼓(道);7;1;1;1;九级军鼓(道);九级鼓升级凭证;1;;0;;1;;1;1;0;1;1;1;
八级军鼓(战);7;1;1;1;九级军鼓(战);九级鼓升级凭证;1;;0;;1;;1;1;0;1;1;1;
九级军鼓(战);7;1;1;1;十级军鼓(战);十级鼓升级凭证;1;;0;;1;;1;1;0;1;1;1;
九级军鼓(法);7;1;1;1;十级军鼓(法);十级鼓升级凭证;1;;0;;1;;1;1;0;1;1;1;
九级军鼓(道);7;1;1;1;十级军鼓(道);十级鼓升级凭证;1;;0;;1;;1;1;0;1;1;1;
龙渊之戒;7;1;1;1;龙怒之戒;龙渊之戒;1;;0;;1;;1;1;0;1;1;1;
龙怒之戒;7;1;1;1;龙威之戒;龙怒之戒;1;;0;;1;;1;1;0;1;1;1;
龙威之戒;7;1;1;1;龙陨之戒;龙威之戒;1;;0;;1;;1;1;0;1;1;1;
龙陨之戒;7;1;1;1;降龙神戒;龙陨之戒;1;;0;;1;;1;1;0;1;1;1;
降龙神戒;7;1;1;0;;十级鼓升级凭证;1;;0;;1;;1;1;0;1;1;1;
乾坤腰带;7;1;1;0;;十级鼓升级凭证;1;;0;;1;;1;1;0;1;1;1;
冰石腰带;7;1;1;1;冰石乾坤腰带;裂石腰带;1;;0;;1;;1;1;0;1;1;1;
冰石乾坤腰带;7;1;1;0;;十级鼓升级凭证;1;;0;;1;;1;1;0;1;1;1;
乾坤戒指;7;1;1;1;极品乾坤戒指;乾坤戒指;1;;0;;1;;1;1;0;1;1;1;
神龙之心;7;1;1;0;;十级鼓升级凭证;1;;0;;1;;1;1;0;1;1;1;
主宰印;7;1;1;0;;十级鼓升级凭证;1;;0;;1;;1;1;0;1;1;1;
主宰印(战);7;1;1;0;;十级鼓升级凭证;1;;0;;1;;1;1;0;1;1;1;
主宰印(法);7;1;1;0;;十级鼓升级凭证;1;;0;;1;;1;1;0;1;1;1;
主宰印(道);7;1;1;0;;十级鼓升级凭证;1;;0;;1;;1;1;0;1;1;1;
传奇印(战);7;1;1;0;;十级鼓升级凭证;1;;0;;1;;1;1;0;1;1;1;
传奇印(法);7;1;1;0;;十级鼓升级凭证;1;;0;;1;;1;1;0;1;1;1;
传奇印(道);7;1;1;0;;十级鼓升级凭证;1;;0;;1;;1;1;0;1;1;1;
至尊传奇印(战);7;1;1;1;皓月印(战);皓月印升级凭证;1;;0;;1;;1;1;0;1;1;1;
至尊传奇印(法);7;1;1;1;皓月印(法);皓月印升级凭证;1;;0;;1;;1;1;0;1;1;1;
至尊传奇印(道);7;1;1;1;皓月印(道);皓月印升级凭证;1;;0;;1;;1;1;0;1;1;1;
皓月印(战);7;1;1;1;神龙印(战);神龙印升级凭证;1;;0;;1;;1;1;0;1;1;1;
皓月印(法);7;1;1;1;神龙印(法);神龙印升级凭证;1;;0;;1;;1;1;0;1;1;1;
皓月印(道);7;1;1;1;神龙印(道);神龙印升级凭证;1;;0;;1;;1;1;0;1;1;1;
神龙印(战);7;1;1;0;;神龙印升级凭证;1;;0;;1;;1;1;0;1;1;1;
神龙印(法);7;1;1;0;;神龙印升级凭证;1;;0;;1;;1;1;0;1;1;1;
神龙印(道);7;1;1;0;;神龙印升级凭证;1;;0;;1;;1;1;0;1;1;1;
巅峰战勋;7;1;1;1;人之巅峰勋章;巅峰法勋;1;巅峰道勋;1;;1;;1;1;0;1;1;1;
巅峰法勋;7;1;1;1;人之巅峰勋章;巅峰战勋;1;巅峰道勋;1;;1;;1;1;0;1;1;1;
巅峰道勋;7;1;1;1;人之巅峰勋章;巅峰战勋;1;巅峰法勋;1;;1;;1;1;0;1;1;1;
人之巅峰勋章;7;1;1;1;地之巅峰勋章;人之巅峰勋章;1;;1;;1;;1;1;0;1;1;1;
地之巅峰勋章;7;1;1;1;天之巅峰勋章;地之巅峰勋章;1;;1;;1;;1;1;0;1;1;1;
天马战斧;21;1;1;0;;绝影石(武器);100;;1;;1;;1;1;0;1;1;1;
天马战戒;21;1;1;0;;绝影石(首饰);45;;1;;1;;1;1;0;1;1;1;
天马道戒;21;1;1;0;;绝影石(首饰);45;;1;;1;;1;1;0;1;1;1;
天马魔戒;21;1;1;0;;绝影石(首饰);45;;1;;1;;1;1;0;1;1;1;
天马战靴;21;1;1;0;;绝影石(首饰);45;;1;;1;;1;1;0;1;1;1;
天马道靴;21;1;1;0;;绝影石(首饰);45;;1;;1;;1;1;0;1;1;1;
天马魔靴;21;1;1;0;;绝影石(首饰);45;;1;;1;;1;1;0;1;1;1;
天马战腰;21;1;1;0;;绝影石(首饰);45;;1;;1;;1;1;0;1;1;1;
天马道腰;21;1;1;0;;绝影石(首饰);45;;1;;1;;1;1;0;1;1;1;
天马法腰;21;1;1;0;;绝影石(首饰);45;;1;;1;;1;1;0;1;1;1;
传送戒指;7;1;0;0;;复生戒指;1;;1;;1;;1;1;0;1;1;1;
人之复生戒指;21;1;1;1;地之复生戒指;人之复生戒指;1;;1;;1;;1;1;0;1;1;1;
地之复生戒指;21;1;1;1;天之复生戒指;地之复生戒指;1;;1;;1;;1;1;0;1;1;1;
金羊战刃;21;1;1;1;灵羊战刃;灵羊武器凭证;1;;1;;1;;1;1;0;1;1;1;
金羊法杖;21;1;1;1;灵羊法杖;灵羊武器凭证;1;;1;;1;;1;1;0;1;1;1;
金羊项链;21;1;1;0;;灵羊武器凭证;1;;1;;1;;1;1;0;1;1;1;
金羊护腕;21;1;1;0;;灵羊武器凭证;1;;1;;1;;1;1;0;1;1;1;
金羊之戒;21;1;1;0;;灵羊武器凭证;1;;1;;1;;1;1;0;1;1;1;
金羊之冠;21;1;1;0;;灵羊武器凭证;1;;1;;1;;1;1;0;1;1;1;
金羊腰带;21;1;1;0;;灵羊武器凭证;1;;1;;1;;1;1;0;1;1;1;
金羊之靴;21;1;1;0;;灵羊武器凭证;1;;1;;1;;1;1;0;1;1;1;
金羊斗笠;21;1;1;0;;灵羊武器凭证;1;;1;;1;;1;1;0;1;1;1;
金羊面巾;21;1;1;0;;灵羊武器凭证;1;;1;;1;;1;1;0;1;1;1;
金羊勋章;21;1;1;0;;灵羊武器凭证;1;;1;;1;;1;1;0;1;1;1;
灵羊战刃;21;1;1;1;神羊战刃;神羊武器凭证;1;;1;;1;;1;1;0;1;1;1;
灵羊法杖;21;1;1;1;神羊法杖;神羊武器凭证;1;;1;;1;;1;1;0;1;1;1;
灵羊道剑;21;1;1;1;神羊道剑;神羊武器凭证;1;;1;;1;;1;1;0;1;1;1;
灵羊战甲(男);21;1;1;1;神羊战甲(男);神羊衣服凭证;1;;1;;1;;1;1;0;1;1;1;
灵羊战甲(女);21;1;1;1;神羊战甲(女);神羊衣服凭证;1;;1;;1;;1;1;0;1;1;1;
灵羊魔衣(男);21;1;1;1;神羊魔衣(男);神羊衣服凭证;1;;1;;1;;1;1;0;1;1;1;
灵羊魔衣(女);21;1;1;1;神羊魔衣(女);神羊衣服凭证;1;;1;;1;;1;1;0;1;1;1;
灵羊道袍(男);21;1;1;1;神羊道袍(男);神羊衣服凭证;1;;1;;1;;1;1;0;1;1;1;
灵羊道袍(女);21;1;1;1;神羊道袍(女);神羊衣服凭证;1;;1;;1;;1;1;0;1;1;1;
灵羊战戒;21;1;1;1;神羊战戒;神羊首饰凭证;1;;1;;1;;1;1;0;1;1;1;
灵羊魔戒;21;1;1;1;神羊魔戒;神羊首饰凭证;1;;1;;1;;1;1;0;1;1;1;
灵羊道戒;21;1;1;1;神羊道戒;神羊首饰凭证;1;;1;;1;;1;1;0;1;1;1;
灵羊项链(战);21;1;1;1;神羊项链(战);神羊首饰凭证;1;;1;;1;;1;1;0;1;1;1;
灵羊项链(法);21;1;1;1;神羊项链(法);神羊首饰凭证;1;;1;;1;;1;1;0;1;1;1;
灵羊项链(道);21;1;1;1;神羊项链(道);神羊首饰凭证;1;;1;;1;;1;1;0;1;1;1;
灵羊战盔;21;1;1;1;神羊战盔;神羊首饰凭证;1;;1;;1;;1;1;0;1;1;1;
灵羊法冠;21;1;1;1;神羊法冠;神羊首饰凭证;1;;1;;1;;1;1;0;1;1;1;
灵羊道盔;21;1;1;1;神羊道盔;神羊首饰凭证;1;;1;;1;;1;1;0;1;1;1;
灵羊面巾(战);21;1;1;1;神羊面巾(战);神羊首饰凭证;1;;1;;1;;1;1;0;1;1;1;
灵羊面巾(法);21;1;1;1;神羊面巾(法);神羊首饰凭证;1;;1;;1;;1;1;0;1;1;1;
灵羊面巾(道);21;1;1;1;神羊面巾(道);神羊首饰凭证;1;;1;;1;;1;1;0;1;1;1;
灵羊战靴;21;1;1;1;神羊战靴;神羊首饰凭证;1;;1;;1;;1;1;0;1;1;1;
灵羊魔靴;21;1;1;1;神羊魔靴;神羊首饰凭证;1;;1;;1;;1;1;0;1;1;1;
灵羊道靴;21;1;1;1;神羊道靴;神羊首饰凭证;1;;1;;1;;1;1;0;1;1;1;
灵羊护腕(战);21;1;1;1;神羊护腕(战);神羊首饰凭证;1;;1;;1;;1;1;0;1;1;1;
灵羊护腕(法);21;1;1;1;神羊护腕(法);神羊首饰凭证;1;;1;;1;;1;1;0;1;1;1;
灵羊护腕(道);21;1;1;1;神羊护腕(道);神羊首饰凭证;1;;1;;1;;1;1;0;1;1;1;
灵羊战勋;21;1;1;1;神羊战勋;神羊首饰凭证;1;;1;;1;;1;1;0;1;1;1;
灵羊法勋;21;1;1;1;神羊法勋;神羊首饰凭证;1;;1;;1;;1;1;0;1;1;1;
灵羊道勋;21;1;1;1;神羊道勋;神羊首饰凭证;1;;1;;1;;1;1;0;1;1;1;
灵羊腰带(战);21;1;1;1;神羊腰带(战);神羊首饰凭证;1;;1;;1;;1;1;0;1;1;1;
灵羊腰带(法);21;1;1;1;神羊腰带(法);神羊首饰凭证;1;;1;;1;;1;1;0;1;1;1;
灵羊腰带(道);21;1;1;1;神羊腰带(道);神羊首饰凭证;1;;1;;1;;1;1;0;1;1;1;
灵羊斗笠(战);21;1;1;1;神羊斗笠(战);神羊首饰凭证;1;;1;;1;;1;1;0;1;1;1;
灵羊斗笠(法);21;1;1;1;神羊斗笠(法);神羊首饰凭证;1;;1;;1;;1;1;0;1;1;1;
灵羊斗笠(道);21;1;1;1;神羊斗笠(道);神羊首饰凭证;1;;1;;1;;1;1;0;1;1;1;
神羊战刃;21;1;1;0;;神羊首饰凭证;1;;1;;1;;1;1;0;1;1;1;
神羊法杖;21;1;1;0;;神羊首饰凭证;1;;1;;1;;1;1;0;1;1;1;
神羊道剑;21;1;1;0;;神羊首饰凭证;1;;1;;1;;1;1;0;1;1;1;
神羊战甲(男);21;1;1;0;;神羊首饰凭证;1;;1;;1;;1;1;0;1;1;1;
神羊战甲(女);21;1;1;0;;神羊首饰凭证;1;;1;;1;;1;1;0;1;1;1;
神羊魔衣(男);21;1;1;0;;神羊首饰凭证;1;;1;;1;;1;1;0;1;1;1;
神羊魔衣(女);21;1;1;0;;神羊首饰凭证;1;;1;;1;;1;1;0;1;1;1;
神羊道袍(男);21;1;1;0;;神羊首饰凭证;1;;1;;1;;1;1;0;1;1;1;
神羊道袍(女);21;1;1;0;;神羊首饰凭证;1;;1;;1;;1;1;0;1;1;1;
神羊战戒;21;1;1;0;;神羊首饰凭证;1;;1;;1;;1;1;0;1;1;1;
神羊魔戒;21;1;1;0;;神羊首饰凭证;1;;1;;1;;1;1;0;1;1;1;
神羊道戒;21;1;1;0;;神羊首饰凭证;1;;1;;1;;1;1;0;1;1;1;
神羊项链(战);21;1;1;0;;神羊首饰凭证;1;;1;;1;;1;1;0;1;1;1;
神羊项链(法);21;1;1;0;;神羊首饰凭证;1;;1;;1;;1;1;0;1;1;1;
神羊项链(道);21;1;1;0;;神羊首饰凭证;1;;1;;1;;1;1;0;1;1;1;
神羊战盔;21;1;1;0;;神羊首饰凭证;1;;1;;1;;1;1;0;1;1;1;
神羊法冠;21;1;1;0;;神羊首饰凭证;1;;1;;1;;1;1;0;1;1;1;
神羊道盔;21;1;1;0;;神羊首饰凭证;1;;1;;1;;1;1;0;1;1;1;
神羊面巾(战);21;1;1;0;;神羊首饰凭证;1;;1;;1;;1;1;0;1;1;1;
神羊面巾(法);21;1;1;0;;神羊首饰凭证;1;;1;;1;;1;1;0;1;1;1;
神羊面巾(道);21;1;1;0;;神羊首饰凭证;1;;1;;1;;1;1;0;1;1;1;
神羊战靴;21;1;1;0;;神羊首饰凭证;1;;1;;1;;1;1;0;1;1;1;
神羊魔靴;21;1;1;0;;神羊首饰凭证;1;;1;;1;;1;1;0;1;1;1;
神羊道靴;21;1;1;0;;神羊首饰凭证;1;;1;;1;;1;1;0;1;1;1;
神羊护腕(战);21;1;1;0;;神羊首饰凭证;1;;1;;1;;1;1;0;1;1;1;
神羊护腕(法);21;1;1;0;;神羊首饰凭证;1;;1;;1;;1;1;0;1;1;1;
神羊护腕(道);21;1;1;0;;神羊首饰凭证;1;;1;;1;;1;1;0;1;1;1;
神羊战勋;21;1;1;0;;神羊首饰凭证;1;;1;;1;;1;1;0;1;1;1;
神羊法勋;21;1;1;0;;神羊首饰凭证;1;;1;;1;;1;1;0;1;1;1;
神羊道勋;21;1;1;0;;神羊首饰凭证;1;;1;;1;;1;1;0;1;1;1;
神羊腰带(战);21;1;1;0;;神羊首饰凭证;1;;1;;1;;1;1;0;1;1;1;
神羊腰带(法);21;1;1;0;;神羊首饰凭证;1;;1;;1;;1;1;0;1;1;1;
神羊腰带(道);21;1;1;0;;神羊首饰凭证;1;;1;;1;;1;1;0;1;1;1;
神羊斗笠(战);21;1;1;0;;神羊首饰凭证;1;;1;;1;;1;1;0;1;1;1;
神羊斗笠(法);21;1;1;0;;神羊首饰凭证;1;;1;;1;;1;1;0;1;1;1;
神羊斗笠(道);21;1;1;0;;神羊首饰凭证;1;;1;;1;;1;1;0;1;1;1;
天马战盔;21;1;1;0;;绝影石(首饰);45;;1;;1;;1;1;0;1;1;1;
天马战巾;21;1;1;0;;绝影石(首饰);45;;1;;1;;1;1;0;1;1;1;
天马战链;21;1;1;0;;绝影石(首饰);45;;1;;1;;1;1;0;1;1;1;
天马战腕;21;1;1;0;;绝影石(首饰);45;;1;;1;;1;1;0;1;1;1;
天马法冠;21;1;1;0;;绝影石(首饰);45;;1;;1;;1;1;0;1;1;1;
天马法巾;21;1;1;0;;绝影石(首饰);45;;1;;1;;1;1;0;1;1;1;
天马法链;21;1;1;0;;绝影石(首饰);45;;1;;1;;1;1;0;1;1;1;
天马法腕;21;1;1;0;;绝影石(首饰);45;;1;;1;;1;1;0;1;1;1;
天马道盔;21;1;1;0;;绝影石(首饰);45;;1;;1;;1;1;0;1;1;1;
天马道巾;21;1;1;0;;绝影石(首饰);45;;1;;1;;1;1;0;1;1;1;
天马道链;21;1;1;0;;绝影石(首饰);45;;1;;1;;1;1;0;1;1;1;
天马道腕;21;1;1;0;;绝影石(首饰);45;;1;;1;;1;1;0;1;1;1;
天马战笠;21;1;1;0;;绝影石(首饰);45;;1;;1;;1;1;0;1;1;1;
天马法笠;21;1;1;0;;绝影石(首饰);45;;1;;1;;1;1;0;1;1;1;
天马道笠;21;1;1;0;;绝影石(首饰);45;;1;;1;;1;1;0;1;1;1;
天马战勋;21;1;1;0;;绝影石(首饰);45;;1;;1;;1;1;0;1;1;1;
天马法勋;21;1;1;0;;绝影石(首饰);45;;1;;1;;1;1;0;1;1;1;
天马道勋;21;1;1;0;;绝影石(首饰);45;;1;;1;;1;1;0;1;1;1;
天马战男;21;1;1;0;;绝影石(首饰);45;;1;;1;;1;1;0;1;1;1;
天马战女;21;1;1;0;;绝影石(首饰);45;;1;;1;;1;1;0;1;1;1;
天马魔男;21;1;1;0;;绝影石(首饰);45;;1;;1;;1;1;0;1;1;1;
天马魔女;21;1;1;0;;绝影石(首饰);45;;1;;1;;1;1;0;1;1;1;
天马道男;21;1;1;0;;绝影石(首饰);45;;1;;1;;1;1;0;1;1;1;
天马道女;21;1;1;0;;绝影石(首饰);45;;1;;1;;1;1;0;1;1;1;
天马权杖;21;1;1;0;;绝影石(首饰);45;;1;;1;;1;1;0;1;1;1;
天马神剑;21;1;1;0;;绝影石(首饰);45;;1;;1;;1;1;0;1;1;1;
爱拼传奇・战刀;21;1;1;0;;绝影石(首饰);45;;1;;1;;1;1;0;1;1;1;
爱拼传奇・魔杖;21;1;1;0;;绝影石(首饰);45;;1;;1;;1;1;0;1;1;1;
爱拼传奇・道剑;21;1;1;0;;绝影石(首饰);45;;1;;1;;1;1;0;1;1;1;
爱拼传奇・战男;21;1;1;0;;绝影石(首饰);45;;1;;1;;1;1;0;1;1;1;
爱拼传奇・战女;21;1;1;0;;绝影石(首饰);45;;1;;1;;1;1;0;1;1;1;
爱拼传奇・魔男;21;1;1;0;;绝影石(首饰);45;;1;;1;;1;1;0;1;1;1;
爱拼传奇・魔女;21;1;1;0;;绝影石(首饰);45;;1;;1;;1;1;0;1;1;1;
爱拼传奇・道男;21;1;1;0;;绝影石(首饰);45;;1;;1;;1;1;0;1;1;1;
爱拼传奇・道女;21;1;1;0;;绝影石(首饰);45;;1;;1;;1;1;0;1;1;1;
爱拼传奇・头盔;21;1;1;0;;绝影石(首饰);45;;1;;1;;1;1;0;1;1;1;
爱拼传奇・面巾;21;1;1;0;;绝影石(首饰);45;;1;;1;;1;1;0;1;1;1;
爱拼传奇・项链;21;1;1;0;;绝影石(首饰);45;;1;;1;;1;1;0;1;1;1;
爱拼传奇・护腕;21;1;1;0;;绝影石(首饰);45;;1;;1;;1;1;0;1;1;1;
爱拼传奇・戒指;21;1;1;0;;绝影石(首饰);45;;1;;1;;1;1;0;1;1;1;
爱拼传奇・靴子;21;1;1;0;;绝影石(首饰);45;;1;;1;;1;1;0;1;1;1;
爱拼传奇・腰带;21;1;1;0;;绝影石(首饰);45;;1;;1;;1;1;0;1;1;1;
爱拼传奇・斗笠;21;1;1;0;;绝影石(首饰);45;;1;;1;;1;1;0;1;1;1;
爱拼传奇・勋章;21;1;1;0;;绝影石(首饰);45;;1;;1;;1;1;0;1;1;1;
邪眼神羊法勋;21;1;1;0;;绝影石(首饰);45;;1;;1;;1;1;0;1;1;1;
邪眼神羊道勋;21;1;1;0;;绝影石(首饰);45;;1;;1;;1;1;0;1;1;1;
光辉战盔;21;1;1;0;;绝影石(首饰);45;;1;;1;;1;1;0;1;1;1;
光辉战巾;21;1;1;0;;绝影石(首饰);45;;1;;1;;1;1;0;1;1;1;
光辉战链;21;1;1;0;;绝影石(首饰);45;;1;;1;;1;1;0;1;1;1;
光辉战腕;21;1;1;0;;绝影石(首饰);45;;1;;1;;1;1;0;1;1;1;
光辉战戒;21;1;1;0;;绝影石(首饰);45;;1;;1;;1;1;0;1;1;1;
光辉战靴;21;1;1;0;;绝影石(首饰);45;;1;;1;;1;1;0;1;1;1;
光辉战腰;21;1;1;0;;绝影石(首饰);45;;1;;1;;1;1;0;1;1;1;
光辉战笠;21;1;1;0;;绝影石(首饰);45;;1;;1;;1;1;0;1;1;1;
光辉法笠;21;1;1;0;;绝影石(首饰);45;;1;;1;;1;1;0;1;1;1;
光辉法巾;21;1;1;0;;绝影石(首饰);45;;1;;1;;1;1;0;1;1;1;
光辉法链;21;1;1;0;;绝影石(首饰);45;;1;;1;;1;1;0;1;1;1;
光辉法冠;21;1;1;0;;绝影石(首饰);45;;1;;1;;1;1;0;1;1;1;
光辉法腕;21;1;1;0;;绝影石(首饰);45;;1;;1;;1;1;0;1;1;1;
光辉魔戒;21;1;1;0;;绝影石(首饰);45;;1;;1;;1;1;0;1;1;1;
光辉法腰;21;1;1;0;;绝影石(首饰);45;;1;;1;;1;1;0;1;1;1;
光辉魔靴;21;1;1;0;;绝影石(首饰);45;;1;;1;;1;1;0;1;1;1;
光辉道笠;21;1;1;0;;绝影石(首饰);45;;1;;1;;1;1;0;1;1;1;
光辉道巾;21;1;1;0;;绝影石(首饰);45;;1;;1;;1;1;0;1;1;1;
光辉道链;21;1;1;0;;绝影石(首饰);45;;1;;1;;1;1;0;1;1;1;
光辉道盔;21;1;1;0;;绝影石(首饰);45;;1;;1;;1;1;0;1;1;1;
光辉道腕;21;1;1;0;;绝影石(首饰);45;;1;;1;;1;1;0;1;1;1;
光辉道戒;21;1;1;0;;绝影石(首饰);45;;1;;1;;1;1;0;1;1;1;
光辉道腰;21;1;1;0;;绝影石(首饰);45;;1;;1;;1;1;0;1;1;1;
光辉道靴;21;1;1;0;;绝影石(首饰);45;;1;;1;;1;1;0;1;1;1;
光辉战勋;21;1;1;0;;绝影石(首饰);45;;1;;1;;1;1;0;1;1;1;
光辉法勋;21;1;1;0;;绝影石(首饰);45;;1;;1;;1;1;0;1;1;1;
光辉道勋;21;1;1;0;;绝影石(首饰);45;;1;;1;;1;1;0;1;1;1;
金猴之靴;21;1;1;0;;绝影石(首饰);45;;1;;1;;1;1;0;1;1;1;
金猴之冠;21;1;1;0;;绝影石(首饰);45;;1;;1;;1;1;0;1;1;1;
金猴之戒;21;1;1;0;;绝影石(首饰);45;;1;;1;;1;1;0;1;1;1;
金猴勋章;21;1;1;0;;绝影石(首饰);45;;1;;1;;1;1;0;1;1;1;
金猴面巾;21;1;1;0;;绝影石(首饰);45;;1;;1;;1;1;0;1;1;1;
金猴斗笠;21;1;1;0;;绝影石(首饰);45;;1;;1;;1;1;0;1;1;1;
金猴腰带;21;1;1;0;;绝影石(首饰);45;;1;;1;;1;1;0;1;1;1;
金猴护腕;21;1;1;0;;绝影石(首饰);45;;1;;1;;1;1;0;1;1;1;
金猴项链;21;1;1;0;;绝影石(首饰);45;;1;;1;;1;1;0;1;1;1;
金猴道靴;21;1;1;0;;绝影石(首饰);45;;1;;1;;1;1;0;1;1;1;
金猴道盔;21;1;1;0;;绝影石(首饰);45;;1;;1;;1;1;0;1;1;1;
金猴道戒;21;1;1;0;;绝影石(首饰);45;;1;;1;;1;1;0;1;1;1;
金猴道勋;21;1;1;0;;绝影石(首饰);45;;1;;1;;1;1;0;1;1;1;
金猴面巾(道);21;1;1;0;;绝影石(首饰);45;;1;;1;;1;1;0;1;1;1;
金猴斗笠(道);21;1;1;0;;绝影石(首饰);45;;1;;1;;1;1;0;1;1;1;
金猴腰带(道);21;1;1;0;;绝影石(首饰);45;;1;;1;;1;1;0;1;1;1;
金猴护腕(道);21;1;1;0;;绝影石(首饰);45;;1;;1;;1;1;0;1;1;1;
金猴项链(道);21;1;1;0;;绝影石(首饰);45;;1;;1;;1;1;0;1;1;1;
金猴魔靴;21;1;1;0;;绝影石(首饰);45;;1;;1;;1;1;0;1;1;1;
金猴法冠;21;1;1;0;;绝影石(首饰);45;;1;;1;;1;1;0;1;1;1;
金猴魔戒;21;1;1;0;;绝影石(首饰);45;;1;;1;;1;1;0;1;1;1;
金猴法勋;21;1;1;0;;绝影石(首饰);45;;1;;1;;1;1;0;1;1;1;
金猴面巾(法);21;1;1;0;;绝影石(首饰);45;;1;;1;;1;1;0;1;1;1;
金猴斗笠(法);21;1;1;0;;绝影石(首饰);45;;1;;1;;1;1;0;1;1;1;
金猴腰带(法);21;1;1;0;;绝影石(首饰);45;;1;;1;;1;1;0;1;1;1;
金猴护腕(法);21;1;1;0;;绝影石(首饰);45;;1;;1;;1;1;0;1;1;1;
金猴项链(法);21;1;1;0;;绝影石(首饰);45;;1;;1;;1;1;0;1;1;1;
神猴斗笠(道);21;1;1;0;;绝影石(首饰);45;;1;;1;;1;1;0;1;1;1;
神猴斗笠(法);21;1;1;0;;绝影石(首饰);45;;1;;1;;1;1;0;1;1;1;
神猴斗笠(战);21;1;1;0;;绝影石(首饰);45;;1;;1;;1;1;0;1;1;1;
神猴腰带(道);21;1;1;0;;绝影石(首饰);45;;1;;1;;1;1;0;1;1;1;
神猴腰带(法);21;1;1;0;;绝影石(首饰);45;;1;;1;;1;1;0;1;1;1;
神猴腰带(战);21;1;1;0;;绝影石(首饰);45;;1;;1;;1;1;0;1;1;1;
邪眼神猴道勋;21;1;1;0;;绝影石(首饰);45;;1;;1;;1;1;0;1;1;1;
邪眼神猴法勋;21;1;1;0;;绝影石(首饰);45;;1;;1;;1;1;0;1;1;1;
邪眼神猴战勋;21;1;1;0;;绝影石(首饰);45;;1;;1;;1;1;0;1;1;1;
神猴道勋;21;1;1;0;;绝影石(首饰);45;;1;;1;;1;1;0;1;1;1;
神猴法勋;21;1;1;0;;绝影石(首饰);45;;1;;1;;1;1;0;1;1;1;
神猴战勋;21;1;1;0;;绝影石(首饰);45;;1;;1;;1;1;0;1;1;1;
神猴护腕(道);21;1;1;0;;绝影石(首饰);45;;1;;1;;1;1;0;1;1;1;
神猴护腕(法);21;1;1;0;;绝影石(首饰);45;;1;;1;;1;1;0;1;1;1;
神猴护腕(战);21;1;1;0;;绝影石(首饰);45;;1;;1;;1;1;0;1;1;1;
神猴道靴;21;1;1;0;;绝影石(首饰);45;;1;;1;;1;1;0;1;1;1;
神猴魔靴;21;1;1;0;;绝影石(首饰);45;;1;;1;;1;1;0;1;1;1;
神猴战靴;21;1;1;0;;绝影石(首饰);45;;1;;1;;1;1;0;1;1;1;
神猴面巾(道);21;1;1;0;;绝影石(首饰);45;;1;;1;;1;1;0;1;1;1;
神猴面巾(法);21;1;1;0;;绝影石(首饰);45;;1;;1;;1;1;0;1;1;1;
神猴面巾(战);21;1;1;0;;绝影石(首饰);45;;1;;1;;1;1;0;1;1;1;
神猴道盔;21;1;1;0;;绝影石(首饰);45;;1;;1;;1;1;0;1;1;1;
神猴法冠;21;1;1;0;;绝影石(首饰);45;;1;;1;;1;1;0;1;1;1;
神猴战盔;21;1;1;0;;绝影石(首饰);45;;1;;1;;1;1;0;1;1;1;
神猴项链(道);21;1;1;0;;绝影石(首饰);45;;1;;1;;1;1;0;1;1;1;
神猴项链(法);21;1;1;0;;绝影石(首饰);45;;1;;1;;1;1;0;1;1;1;
神猴项链(战);21;1;1;0;;绝影石(首饰);45;;1;;1;;1;1;0;1;1;1;
神猴道戒;21;1;1;0;;绝影石(首饰);45;;1;;1;;1;1;0;1;1;1;
神猴魔戒;21;1;1;0;;绝影石(首饰);45;;1;;1;;1;1;0;1;1;1;
邪眼神猴战戒;21;1;1;0;;绝影石(首饰);45;;1;;1;;1;1;0;1;1;1;
神猴战戒;21;1;1;0;;绝影石(首饰);45;;1;;1;;1;1;0;1;1;1;
神猴重生袍(女);21;1;1;0;;绝影石(首饰);45;;1;;1;;1;1;0;1;1;1;
神猴重生袍(男);21;1;1;0;;绝影石(首饰);45;;1;;1;;1;1;0;1;1;1;
神猴重生衣(女);21;1;1;0;;绝影石(首饰);45;;1;;1;;1;1;0;1;1;1;
神猴重生衣(男);21;1;1;0;;绝影石(首饰);45;;1;;1;;1;1;0;1;1;1;
神猴重生甲(女);21;1;1;0;;绝影石(首饰);45;;1;;1;;1;1;0;1;1;1;
神猴重生甲(男);21;1;1;0;;绝影石(首饰);45;;1;;1;;1;1;0;1;1;1;
神猴道袍(女);21;1;1;0;;绝影石(首饰);45;;1;;1;;1;1;0;1;1;1;
神猴道袍(男);21;1;1;0;;绝影石(首饰);45;;1;;1;;1;1;0;1;1;1;
神猴魔衣(女);21;1;1;0;;绝影石(首饰);45;;1;;1;;1;1;0;1;1;1;
神猴魔衣(男);21;1;1;0;;绝影石(首饰);45;;1;;1;;1;1;0;1;1;1;
神猴战甲(女);21;1;1;0;;绝影石(首饰);45;;1;;1;;1;1;0;1;1;1;
神猴战甲(男);21;1;1;0;;绝影石(首饰);45;;1;;1;;1;1;0;1;1;1;
神猴道剑;21;1;1;0;;绝影石(首饰);45;;1;;1;;1;1;0;1;1;1;
神猴法杖;21;1;1;0;;绝影石(首饰);45;;1;;1;;1;1;0;1;1;1;
神猴战刃;21;1;1;0;;绝影石(首饰);45;;1;;1;;1;1;0;1;1;1;
灵猴斗笠(道);21;1;1;0;;绝影石(首饰);45;;1;;1;;1;1;0;1;1;1;
灵猴斗笠(法);21;1;1;0;;绝影石(首饰);45;;1;;1;;1;1;0;1;1;1;
灵猴斗笠(战);21;1;1;0;;绝影石(首饰);45;;1;;1;;1;1;0;1;1;1;
灵猴腰带(道);21;1;1;0;;绝影石(首饰);45;;1;;1;;1;1;0;1;1;1;
灵猴腰带(法);21;1;1;0;;绝影石(首饰);45;;1;;1;;1;1;0;1;1;1;
灵猴腰带(战);21;1;1;0;;绝影石(首饰);45;;1;;1;;1;1;0;1;1;1;
灵猴道勋;21;1;1;0;;绝影石(首饰);45;;1;;1;;1;1;0;1;1;1;
灵猴法勋;21;1;1;0;;绝影石(首饰);45;;1;;1;;1;1;0;1;1;1;
灵猴护腕(道);21;1;1;0;;绝影石(首饰);45;;1;;1;;1;1;0;1;1;1;
灵猴战勋;21;1;1;0;;绝影石(首饰);45;;1;;1;;1;1;0;1;1;1;
灵猴护腕(战);21;1;1;0;;绝影石(首饰);45;;1;;1;;1;1;0;1;1;1;
灵猴护腕(法);21;1;1;0;;绝影石(首饰);45;;1;;1;;1;1;0;1;1;1;
灵猴道靴;21;1;1;0;;绝影石(首饰);45;;1;;1;;1;1;0;1;1;1;
灵猴魔靴;21;1;1;0;;绝影石(首饰);45;;1;;1;;1;1;0;1;1;1;
灵猴战靴;21;1;1;0;;绝影石(首饰);45;;1;;1;;1;1;0;1;1;1;
灵猴面巾(道);21;1;1;0;;绝影石(首饰);45;;1;;1;;1;1;0;1;1;1;
灵猴面巾(法);21;1;1;0;;绝影石(首饰);45;;1;;1;;1;1;0;1;1;1;
灵猴面巾(战);21;1;1;0;;绝影石(首饰);45;;1;;1;;1;1;0;1;1;1;
灵猴道盔;21;1;1;0;;绝影石(首饰);45;;1;;1;;1;1;0;1;1;1;
灵猴法冠;21;1;1;0;;绝影石(首饰);45;;1;;1;;1;1;0;1;1;1;
灵猴战盔;21;1;1;0;;绝影石(首饰);45;;1;;1;;1;1;0;1;1;1;
灵猴项链(道);21;1;1;0;;绝影石(首饰);45;;1;;1;;1;1;0;1;1;1;
灵猴项链(法);21;1;1;0;;绝影石(首饰);45;;1;;1;;1;1;0;1;1;1;
灵猴项链(战);21;1;1;0;;绝影石(首饰);45;;1;;1;;1;1;0;1;1;1;
灵猴道戒;21;1;1;0;;绝影石(首饰);45;;1;;1;;1;1;0;1;1;1;
灵猴魔戒;21;1;1;0;;绝影石(首饰);45;;1;;1;;1;1;0;1;1;1;
灵猴战戒;21;1;1;0;;绝影石(首饰);45;;1;;1;;1;1;0;1;1;1;
灵猴道袍(女);21;1;1;0;;绝影石(首饰);45;;1;;1;;1;1;0;1;1;1;
灵猴道袍(男);21;1;1;0;;绝影石(首饰);45;;1;;1;;1;1;0;1;1;1;
灵猴魔衣(女);21;1;1;0;;绝影石(首饰);45;;1;;1;;1;1;0;1;1;1;
灵猴魔衣(男);21;1;1;0;;绝影石(首饰);45;;1;;1;;1;1;0;1;1;1;
灵猴战甲(女);21;1;1;0;;绝影石(首饰);45;;1;;1;;1;1;0;1;1;1;
灵猴战甲(男);21;1;1;0;;绝影石(首饰);45;;1;;1;;1;1;0;1;1;1;
灵猴道剑;21;1;1;0;;绝影石(首饰);45;;1;;1;;1;1;0;1;1;1;
灵猴法杖;21;1;1;0;;绝影石(首饰);45;;1;;1;;1;1;0;1;1;1;
灵猴战刃;21;1;1;0;;绝影石(首饰);45;;1;;1;;1;1;0;1;1;1;
金猴战靴;21;1;1;0;;绝影石(首饰);45;;1;;1;;1;1;0;1;1;1;
金猴战盔;21;1;1;0;;绝影石(首饰);45;;1;;1;;1;1;0;1;1;1;
金猴战戒;21;1;1;0;;绝影石(首饰);45;;1;;1;;1;1;0;1;1;1;
金猴战勋;21;1;1;0;;绝影石(首饰);45;;1;;1;;1;1;0;1;1;1;
金猴面巾(战);21;1;1;0;;绝影石(首饰);45;;1;;1;;1;1;0;1;1;1;
金猴斗笠(战);21;1;1;0;;绝影石(首饰);45;;1;;1;;1;1;0;1;1;1;
金猴腰带(战);21;1;1;0;;绝影石(首饰);45;;1;;1;;1;1;0;1;1;1;
金猴护腕(战);21;1;1;0;;绝影石(首饰);45;;1;;1;;1;1;0;1;1;1;
金猴项链(战);21;1;1;0;;绝影石(首饰);45;;1;;1;;1;1;0;1;1;1;
金猴道袍(女);21;1;1;0;;绝影石(首饰);45;;1;;1;;1;1;0;1;1;1;
金猴道袍(男);21;1;1;0;;绝影石(首饰);45;;1;;1;;1;1;0;1;1;1;
金猴魔衣(女);21;1;1;0;;绝影石(首饰);45;;1;;1;;1;1;0;1;1;1;
金猴魔衣(男);21;1;1;0;;绝影石(首饰);45;;1;;1;;1;1;0;1;1;1;
金猴战甲(女);21;1;1;0;;绝影石(首饰);45;;1;;1;;1;1;0;1;1;1;
金猴战甲(男);21;1;1;0;;绝影石(首饰);45;;1;;1;;1;1;0;1;1;1;
金猴法杖;21;1;1;0;;绝影石(首饰);45;;1;;1;;1;1;0;1;1;1;
金猴战刃;21;1;1;0;;绝影石(首饰);45;;1;;1;;1;1;0;1;1;1;
十级军鼓(战);21;1;1;0;;十级鼓升级凭证;1;;0;;1;;1;1;0;1;1;1;
十级军鼓(法);21;1;1;0;;十级鼓升级凭证;1;;0;;1;;1;1;0;1;1;1;
十级军鼓(道);21;1;1;0;;十级鼓升级凭证;1;;0;;1;;1;1;0;1;1;1;
十一级军鼓(战);21;1;1;0;;十级鼓升级凭证;1;;0;;1;;1;1;0;1;1;1;
十一级军鼓(法);21;1;1;0;;十级鼓升级凭证;1;;0;;1;;1;1;0;1;1;1;
十一级军鼓(道);21;1;1;0;;十级鼓升级凭证;1;;0;;1;;1;1;0;1;1;1;
马牌;21;1;1;0;;十级鼓升级凭证;1;;0;;1;;1;1;0;1;1;1;
主宰者双人马牌;21;1;1;0;;十级鼓升级凭证;1;;0;;1;;1;1;0;1;1;1;
王者无双(男);21;1;1;0;;十级鼓升级凭证;1;;0;;1;;1;1;0;1;1;1;
王者无双(女);21;1;1;0;;十级鼓升级凭证;1;;0;;1;;1;1;0;1;1;1;
傲视群雄(男);21;1;1;0;;十级鼓升级凭证;1;;0;;1;;1;1;0;1;1;1;
傲视群雄(女);21;1;1;0;;十级鼓升级凭证;1;;0;;1;;1;1;0;1;1;1;
真气石Lv.8;21;1;1;0;;十级鼓升级凭证;1;;0;;1;;1;1;0;1;1;1;
真气石Lv.9;21;1;1;0;;十级鼓升级凭证;1;;0;;1;;1;1;0;1;1;1;
真气石Lv.10;21;1;1;0;;十级鼓升级凭证;1;;0;;1;;1;1;0;1;1;1;
猴玉石;21;1;1;0;;十级鼓升级凭证;1;;0;;1;;1;1;0;1;1;1;
斗战胜佛战刃;21;1;1;0;;十级鼓升级凭证;1;;0;;1;;1;1;0;1;1;1;
斗战胜佛法杖;21;1;1;0;;十级鼓升级凭证;1;;0;;1;;1;1;0;1;1;1;
斗战胜佛道剑;21;1;1;0;;十级鼓升级凭证;1;;0;;1;;1;1;0;1;1;1;
斗战胜佛战男;21;1;1;0;;十级鼓升级凭证;1;;0;;1;;1;1;0;1;1;1;
斗战胜佛战女;21;1;1;0;;十级鼓升级凭证;1;;0;;1;;1;1;0;1;1;1;
斗战胜佛魔男;21;1;1;0;;十级鼓升级凭证;1;;0;;1;;1;1;0;1;1;1;
斗战胜佛魔女;21;1;1;0;;十级鼓升级凭证;1;;0;;1;;1;1;0;1;1;1;
斗战胜佛道男;21;1;1;0;;十级鼓升级凭证;1;;0;;1;;1;1;0;1;1;1;
斗战胜佛道女;21;1;1;0;;十级鼓升级凭证;1;;0;;1;;1;1;0;1;1;1;
斗战胜佛升级石;21;1;1;0;;十级鼓升级凭证;1;;0;;1;;1;1;0;1;1;1;
斗战胜佛战盔;21;1;1;0;;十级鼓升级凭证;1;;0;;1;;1;1;0;1;1;1;
斗战胜佛战带;21;1;1;0;;十级鼓升级凭证;1;;0;;1;;1;1;0;1;1;1;
斗战胜佛战靴;21;1;1;0;;十级鼓升级凭证;1;;0;;1;;1;1;0;1;1;1;
斗战胜佛战链;21;1;1;0;;十级鼓升级凭证;1;;0;;1;;1;1;0;1;1;1;
斗战胜佛战腕;21;1;1;0;;十级鼓升级凭证;1;;0;;1;;1;1;0;1;1;1;
斗战胜佛战戒;21;1;1;0;;十级鼓升级凭证;1;;0;;1;;1;1;0;1;1;1;
斗战胜佛战勋;21;1;1;0;;十级鼓升级凭证;1;;0;;1;;1;1;0;1;1;1;
斗战胜佛战巾;21;1;1;0;;十级鼓升级凭证;1;;0;;1;;1;1;0;1;1;1;
斗战胜佛战笠;21;1;1;0;;十级鼓升级凭证;1;;0;;1;;1;1;0;1;1;1;
斗战胜佛法冠;21;1;1;0;;十级鼓升级凭证;1;;0;;1;;1;1;0;1;1;1;
斗战胜佛法带;21;1;1;0;;十级鼓升级凭证;1;;0;;1;;1;1;0;1;1;1;
斗战胜佛魔靴;21;1;1;0;;十级鼓升级凭证;1;;0;;1;;1;1;0;1;1;1;
斗战胜佛法链;21;1;1;0;;十级鼓升级凭证;1;;0;;1;;1;1;0;1;1;1;
斗战胜佛法腕;21;1;1;0;;十级鼓升级凭证;1;;0;;1;;1;1;0;1;1;1;
斗战胜佛魔戒;21;1;1;0;;十级鼓升级凭证;1;;0;;1;;1;1;0;1;1;1;
斗战胜佛法勋;21;1;1;0;;十级鼓升级凭证;1;;0;;1;;1;1;0;1;1;1;
斗战胜佛法巾;21;1;1;0;;十级鼓升级凭证;1;;0;;1;;1;1;0;1;1;1;
斗战胜佛法笠;21;1;1;0;;十级鼓升级凭证;1;;0;;1;;1;1;0;1;1;1;
斗战胜佛道盔;21;1;1;0;;十级鼓升级凭证;1;;0;;1;;1;1;0;1;1;1;
斗战胜佛道带;21;1;1;0;;十级鼓升级凭证;1;;0;;1;;1;1;0;1;1;1;
斗战胜佛道靴;21;1;1;0;;十级鼓升级凭证;1;;0;;1;;1;1;0;1;1;1;
斗战胜佛道链;21;1;1;0;;十级鼓升级凭证;1;;0;;1;;1;1;0;1;1;1;
斗战胜佛道腕;21;1;1;0;;十级鼓升级凭证;1;;0;;1;;1;1;0;1;1;1;
斗战胜佛道戒;21;1;1;0;;十级鼓升级凭证;1;;0;;1;;1;1;0;1;1;1;
斗战胜佛道勋;21;1;1;0;;十级鼓升级凭证;1;;0;;1;;1;1;0;1;1;1;
斗战胜佛道巾;21;1;1;0;;十级鼓升级凭证;1;;0;;1;;1;1;0;1;1;1;
斗战胜佛道笠;21;1;1;0;;十级鼓升级凭证;1;;0;;1;;1;1;0;1;1;1;
柴刀;21;1;1;0;;十级鼓升级凭证;1;;0;;1;;1;1;0;1;1;1;
双刀;21;1;1;0;;十级鼓升级凭证;1;;0;;1;;1;1;0;1;1;1;
冰月戟;21;1;1;0;;十级鼓升级凭证;1;;0;;1;;1;1;0;1;1;1;
追魂;21;1;1;0;;十级鼓升级凭证;1;;0;;1;;1;1;0;1;1;1;
赤影;21;1;1;0;;十级鼓升级凭证;1;;0;;1;;1;1;0;1;1;1;
龙爪手;21;1;1;0;;十级鼓升级凭证;1;;0;;1;;1;1;0;1;1;1;
霜影;21;1;1;0;;十级鼓升级凭证;1;;0;;1;;1;1;0;1;1;1;
黯灭轮;21;1;1;0;;十级鼓升级凭证;1;;0;;1;;1;1;0;1;1;1;
破天;21;1;1;0;;十级鼓升级凭证;1;;0;;1;;1;1;0;1;1;1;
芒星戒指;21;1;1;0;;十级鼓升级凭证;1;;0;;1;;1;1;0;1;1;1;
芒星手镯;21;1;1;0;;十级鼓升级凭证;1;;0;;1;;1;1;0;1;1;1;
芒星项链;21;1;1;0;;十级鼓升级凭证;1;;0;;1;;1;1;0;1;1;1;
暴风戒指;21;1;1;0;;十级鼓升级凭证;1;;0;;1;;1;1;0;1;1;1;
暴风手镯;21;1;1;0;;十级鼓升级凭证;1;;0;;1;;1;1;0;1;1;1;
风行勋章;21;1;1;0;;十级鼓升级凭证;1;;0;;1;;1;1;0;1;1;1;
风行头盔;21;1;1;0;;十级鼓升级凭证;1;;0;;1;;1;1;0;1;1;1;
风行戒指;21;1;1;0;;十级鼓升级凭证;1;;0;;1;;1;1;0;1;1;1;
风行护腕;21;1;1;0;;十级鼓升级凭证;1;;0;;1;;1;1;0;1;1;1;
风行项链;21;1;1;0;;十级鼓升级凭证;1;;0;;1;;1;1;0;1;1;1;
风行靴;21;1;1;0;;十级鼓升级凭证;1;;0;;1;;1;1;0;1;1;1;
风行腰带;21;1;1;0;;十级鼓升级凭证;1;;0;;1;;1;1;0;1;1;1;
冥王戒指;21;1;1;0;;十级鼓升级凭证;1;;0;;1;;1;1;0;1;1;1;
冥王手镯;21;1;1;0;;十级鼓升级凭证;1;;0;;1;;1;1;0;1;1;1;
冥王项链;21;1;1;0;;十级鼓升级凭证;1;;0;;1;;1;1;0;1;1;1;
冥王头箍;21;1;1;0;;十级鼓升级凭证;1;;0;;1;;1;1;0;1;1;1;
冥王靴;21;1;1;0;;十级鼓升级凭证;1;;0;;1;;1;1;0;1;1;1;
冥王腰带;21;1;1;0;;十级鼓升级凭证;1;;0;;1;;1;1;0;1;1;1;
刺客短袍(男);21;1;1;0;;十级鼓升级凭证;1;;0;;1;;1;1;0;1;1;1;
刺客短袍(女);21;1;1;0;;十级鼓升级凭证;1;;0;;1;;1;1;0;1;1;1;
风侠短袍(男);21;1;1;0;;十级鼓升级凭证;1;;0;;1;;1;1;0;1;1;1;
风侠短袍(女);21;1;1;0;;十级鼓升级凭证;1;;0;;1;;1;1;0;1;1;1;
耀阳赤衣;21;1;1;0;;十级鼓升级凭证;1;;0;;1;;1;1;0;1;1;1;
暗影赤衣;21;1;1;0;;十级鼓升级凭证;1;;0;;1;;1;1;0;1;1;1;
风行盾甲(男);21;1;1;0;;十级鼓升级凭证;1;;0;;1;;1;1;0;1;1;1;
风行盾甲(女);21;1;1;0;;十级鼓升级凭证;1;;0;;1;;1;1;0;1;1;1;
潜龙神甲;21;1;1;0;;十级鼓升级凭证;1;;0;;1;;1;1;0;1;1;1;
逆火软甲;21;1;1;0;;十级鼓升级凭证;1;;0;;1;;1;1;0;1;1;1;
传奇刺甲(男);21;1;1;0;;十级鼓升级凭证;1;;0;;1;;1;1;0;1;1;1;
传奇刺甲(女);21;1;1;0;;十级鼓升级凭证;1;;0;;1;;1;1;0;1;1;1;
传奇项链(刺);21;1;1;0;;十级鼓升级凭证;1;;0;;1;;1;1;0;1;1;1;
传奇护腕(刺);21;1;1;0;;十级鼓升级凭证;1;;0;;1;;1;1;0;1;1;1;
传奇刺戒;21;1;1;0;;十级鼓升级凭证;1;;0;;1;;1;1;0;1;1;1;
传奇刺盔;21;1;1;0;;十级鼓升级凭证;1;;0;;1;;1;1;0;1;1;1;
传奇腰带(刺);21;1;1;0;;十级鼓升级凭证;1;;0;;1;;1;1;0;1;1;1;
传奇刺靴;21;1;1;0;;十级鼓升级凭证;1;;0;;1;;1;1;0;1;1;1;
传奇面巾(刺);21;1;1;0;;十级鼓升级凭证;1;;0;;1;;1;1;0;1;1;1;
传奇刺勋;21;1;1;0;;十级鼓升级凭证;1;;0;;1;;1;1;0;1;1;1;
传奇刺刃;21;1;1;0;;十级鼓升级凭证;1;;0;;1;;1;1;0;1;1;1;
神龙刺甲(男);21;1;1;0;;十级鼓升级凭证;1;;0;;1;;1;1;0;1;1;1;
神龙刺甲(女);21;1;1;0;;十级鼓升级凭证;1;;0;;1;;1;1;0;1;1;1;
神龙项链(刺);21;1;1;0;;十级鼓升级凭证;1;;0;;1;;1;1;0;1;1;1;
神龙护腕(刺);21;1;1;0;;十级鼓升级凭证;1;;0;;1;;1;1;0;1;1;1;
神龙刺戒;21;1;1;0;;十级鼓升级凭证;1;;0;;1;;1;1;0;1;1;1;
神龙刺盔;21;1;1;0;;十级鼓升级凭证;1;;0;;1;;1;1;0;1;1;1;
神龙腰带(刺);21;1;1;0;;十级鼓升级凭证;1;;0;;1;;1;1;0;1;1;1;
神龙刺靴;21;1;1;0;;十级鼓升级凭证;1;;0;;1;;1;1;0;1;1;1;
神龙面巾(刺);21;1;1;0;;十级鼓升级凭证;1;;0;;1;;1;1;0;1;1;1;
神龙刺勋;21;1;1;0;;十级鼓升级凭证;1;;0;;1;;1;1;0;1;1;1;
神龙刺刃;21;1;1;0;;十级鼓升级凭证;1;;0;;1;;1;1;0;1;1;1;
金马刺甲(男);21;1;1;0;;十级鼓升级凭证;1;;0;;1;;1;1;0;1;1;1;
金马刺甲(女);21;1;1;0;;十级鼓升级凭证;1;;0;;1;;1;1;0;1;1;1;
金马项链(刺);21;1;1;0;;十级鼓升级凭证;1;;0;;1;;1;1;0;1;1;1;
金马护腕(刺);21;1;1;0;;十级鼓升级凭证;1;;0;;1;;1;1;0;1;1;1;
金马刺戒;21;1;1;0;;十级鼓升级凭证;1;;0;;1;;1;1;0;1;1;1;
金马刺盔;21;1;1;0;;十级鼓升级凭证;1;;0;;1;;1;1;0;1;1;1;
金马腰带(刺);21;1;1;0;;十级鼓升级凭证;1;;0;;1;;1;1;0;1;1;1;
金马刺靴;21;1;1;0;;十级鼓升级凭证;1;;0;;1;;1;1;0;1;1;1;
金马面巾(刺);21;1;1;0;;十级鼓升级凭证;1;;0;;1;;1;1;0;1;1;1;
金马刺勋;21;1;1;0;;十级鼓升级凭证;1;;0;;1;;1;1;0;1;1;1;
金马刺刃;21;1;1;0;;十级鼓升级凭证;1;;0;;1;;1;1;0;1;1;1;
灵马刺甲(男);21;1;1;0;;十级鼓升级凭证;1;;0;;1;;1;1;0;1;1;1;
灵马刺甲(女);21;1;1;0;;十级鼓升级凭证;1;;0;;1;;1;1;0;1;1;1;
灵马项链(刺);21;1;1;0;;十级鼓升级凭证;1;;0;;1;;1;1;0;1;1;1;
灵马护腕(刺);21;1;1;0;;十级鼓升级凭证;1;;0;;1;;1;1;0;1;1;1;
灵马刺戒;21;1;1;0;;十级鼓升级凭证;1;;0;;1;;1;1;0;1;1;1;
灵马刺盔;21;1;1;0;;十级鼓升级凭证;1;;0;;1;;1;1;0;1;1;1;
灵马腰带(刺);21;1;1;0;;十级鼓升级凭证;1;;0;;1;;1;1;0;1;1;1;
灵马刺靴;21;1;1;0;;十级鼓升级凭证;1;;0;;1;;1;1;0;1;1;1;
灵马面巾(刺);21;1;1;0;;十级鼓升级凭证;1;;0;;1;;1;1;0;1;1;1;
灵马刺勋;21;1;1;0;;十级鼓升级凭证;1;;0;;1;;1;1;0;1;1;1;
灵马刺刃;21;1;1;0;;十级鼓升级凭证;1;;0;;1;;1;1;0;1;1;1;
天马刺甲(男);21;1;1;0;;十级鼓升级凭证;1;;0;;1;;1;1;0;1;1;1;
天马刺甲(女);21;1;1;0;;十级鼓升级凭证;1;;0;;1;;1;1;0;1;1;1;
天马项链(刺);21;1;1;0;;十级鼓升级凭证;1;;0;;1;;1;1;0;1;1;1;
天马护腕(刺);21;1;1;0;;十级鼓升级凭证;1;;0;;1;;1;1;0;1;1;1;
天马刺戒;21;1;1;0;;十级鼓升级凭证;1;;0;;1;;1;1;0;1;1;1;
天马刺盔;21;1;1;0;;十级鼓升级凭证;1;;0;;1;;1;1;0;1;1;1;
天马腰带(刺);21;1;1;0;;十级鼓升级凭证;1;;0;;1;;1;1;0;1;1;1;
天马刺靴;21;1;1;0;;十级鼓升级凭证;1;;0;;1;;1;1;0;1;1;1;
天马面巾(刺);21;1;1;0;;十级鼓升级凭证;1;;0;;1;;1;1;0;1;1;1;
天马刺勋;21;1;1;0;;十级鼓升级凭证;1;;0;;1;;1;1;0;1;1;1;
天马刺刃;21;1;1;0;;十级鼓升级凭证;1;;0;;1;;1;1;0;1;1;1;
金羊刺甲(男);21;1;1;0;;十级鼓升级凭证;1;;0;;1;;1;1;0;1;1;1;
金羊刺甲(女);21;1;1;0;;十级鼓升级凭证;1;;0;;1;;1;1;0;1;1;1;
金羊刺刃;21;1;1;0;;十级鼓升级凭证;1;;0;;1;;1;1;0;1;1;1;
金羊项链(刺);21;1;1;0;;十级鼓升级凭证;1;;0;;1;;1;1;0;1;1;1;
金羊护腕(刺);21;1;1;0;;十级鼓升级凭证;1;;0;;1;;1;1;0;1;1;1;
金羊刺戒;21;1;1;0;;十级鼓升级凭证;1;;0;;1;;1;1;0;1;1;1;
金羊刺盔;21;1;1;0;;十级鼓升级凭证;1;;0;;1;;1;1;0;1;1;1;
金羊腰带(刺);21;1;1;0;;十级鼓升级凭证;1;;0;;1;;1;1;0;1;1;1;
金羊刺靴;21;1;1;0;;十级鼓升级凭证;1;;0;;1;;1;1;0;1;1;1;
金羊面巾(刺);21;1;1;0;;十级鼓升级凭证;1;;0;;1;;1;1;0;1;1;1;
金羊刺勋;21;1;1;0;;十级鼓升级凭证;1;;0;;1;;1;1;0;1;1;1;
灵羊刺甲(男);21;1;1;0;;十级鼓升级凭证;1;;0;;1;;1;1;0;1;1;1;
灵羊刺甲(女);21;1;1;0;;十级鼓升级凭证;1;;0;;1;;1;1;0;1;1;1;
灵羊刺刃;21;1;1;0;;十级鼓升级凭证;1;;0;;1;;1;1;0;1;1;1;
灵羊项链(刺);21;1;1;0;;十级鼓升级凭证;1;;0;;1;;1;1;0;1;1;1;
灵羊护腕(刺);21;1;1;0;;十级鼓升级凭证;1;;0;;1;;1;1;0;1;1;1;
灵羊刺戒;21;1;1;0;;十级鼓升级凭证;1;;0;;1;;1;1;0;1;1;1;
灵羊刺盔;21;1;1;0;;十级鼓升级凭证;1;;0;;1;;1;1;0;1;1;1;
灵羊腰带(刺);21;1;1;0;;十级鼓升级凭证;1;;0;;1;;1;1;0;1;1;1;
灵羊刺靴;21;1;1;0;;十级鼓升级凭证;1;;0;;1;;1;1;0;1;1;1;
灵羊面巾(刺);21;1;1;0;;十级鼓升级凭证;1;;0;;1;;1;1;0;1;1;1;
灵羊刺勋;21;1;1;0;;十级鼓升级凭证;1;;0;;1;;1;1;0;1;1;1;
神羊刺甲(男);21;1;1;0;;十级鼓升级凭证;1;;0;;1;;1;1;0;1;1;1;
神羊刺甲(女);21;1;1;0;;十级鼓升级凭证;1;;0;;1;;1;1;0;1;1;1;
神羊刺刃;21;1;1;0;;十级鼓升级凭证;1;;0;;1;;1;1;0;1;1;1;
神羊项链(刺);21;1;1;0;;十级鼓升级凭证;1;;0;;1;;1;1;0;1;1;1;
神羊护腕(刺);21;1;1;0;;十级鼓升级凭证;1;;0;;1;;1;1;0;1;1;1;
神羊刺戒;21;1;1;0;;十级鼓升级凭证;1;;0;;1;;1;1;1;3;3;1;
神羊刺盔;21;1;1;0;;十级鼓升级凭证;1;;0;;1;;1;1;1;3;3;1;
神羊腰带(刺);21;1;1;0;;十级鼓升级凭证;1;;0;;1;;1;1;1;3;3;1;
神羊刺靴;21;1;1;0;;十级鼓升级凭证;1;;0;;1;;1;1;1;3;3;1;
神羊面巾(刺);21;1;1;0;;十级鼓升级凭证;1;;0;;1;;1;1;1;3;3;1;
神羊刺勋;21;1;1;0;;十级鼓升级凭证;1;;0;;1;;1;1;1;3;3;1;
金猴刺甲(男);21;1;1;0;;十级鼓升级凭证;1;;0;;1;;1;1;1;3;3;1;
金猴刺甲(女);21;1;1;0;;十级鼓升级凭证;1;;0;;1;;1;1;1;3;3;1;
金猴刺刃;21;1;1;0;;十级鼓升级凭证;1;;0;;1;;1;1;1;3;3;1;
金猴项链(刺);21;1;1;0;;十级鼓升级凭证;1;;0;;1;;1;1;1;3;3;1;
金猴护腕(刺);21;1;1;0;;十级鼓升级凭证;1;;0;;1;;1;1;1;3;3;1;
金猴刺戒;21;1;1;0;;十级鼓升级凭证;1;;0;;1;;1;1;1;3;3;1;
金猴刺盔;21;1;1;0;;十级鼓升级凭证;1;;0;;1;;1;1;1;3;3;1;
金猴腰带(刺);21;1;1;0;;十级鼓升级凭证;1;;0;;1;;1;1;1;3;3;1;
金猴刺靴;21;1;1;0;;十级鼓升级凭证;1;;0;;1;;1;1;1;3;3;1;
金猴面巾(刺);21;1;1;0;;十级鼓升级凭证;1;;0;;1;;1;1;1;3;3;1;
金猴刺勋;21;1;1;0;;十级鼓升级凭证;1;;0;;1;;1;1;1;3;3;1;
灵猴刺甲(男);21;1;1;0;;十级鼓升级凭证;1;;0;;1;;1;1;1;3;3;1;
灵猴刺甲(女);21;1;1;0;;十级鼓升级凭证;1;;0;;1;;1;1;1;3;3;1;
灵猴刺刃;21;1;1;0;;十级鼓升级凭证;1;;0;;1;;1;1;1;3;3;1;
灵猴项链(刺);21;1;1;0;;十级鼓升级凭证;1;;0;;1;;1;1;1;3;3;1;
灵猴护腕(刺);21;1;1;0;;十级鼓升级凭证;1;;0;;1;;1;1;1;3;3;1;
灵猴刺戒;21;1;1;0;;十级鼓升级凭证;1;;0;;1;;1;1;1;3;3;1;
灵猴刺盔;21;1;1;0;;十级鼓升级凭证;1;;0;;1;;1;1;1;3;3;1;
灵猴腰带(刺);21;1;1;0;;十级鼓升级凭证;1;;0;;1;;1;1;1;3;3;1;
灵猴刺靴;21;1;1;0;;十级鼓升级凭证;1;;0;;1;;1;1;1;3;3;1;
灵猴面巾(刺);21;1;1;0;;十级鼓升级凭证;1;;0;;1;;1;1;1;3;3;1;
灵猴刺勋;21;1;1;0;;十级鼓升级凭证;1;;0;;1;;1;1;1;3;3;1;
神猴刺甲(男);21;1;1;0;;十级鼓升级凭证;1;;0;;1;;1;1;1;3;3;1;
神猴刺甲(女);21;1;1;0;;十级鼓升级凭证;1;;0;;1;;1;1;1;3;3;1;
神猴刺刃;21;1;1;0;;十级鼓升级凭证;1;;0;;1;;1;1;1;3;3;1;
神猴项链(刺);21;1;1;0;;十级鼓升级凭证;1;;0;;1;;1;1;1;3;3;1;
神猴护腕(刺);21;1;1;0;;十级鼓升级凭证;1;;0;;1;;1;1;1;3;3;1;
神猴刺戒;21;1;1;0;;十级鼓升级凭证;1;;0;;1;;1;1;1;3;3;1;
神猴刺盔;21;1;1;0;;十级鼓升级凭证;1;;0;;1;;1;1;1;3;3;1;
神猴腰带(刺);21;1;1;0;;十级鼓升级凭证;1;;0;;1;;1;1;1;3;3;1;
神猴刺靴;21;1;1;0;;十级鼓升级凭证;1;;0;;1;;1;1;1;3;3;1;
神猴面巾(刺);21;1;1;0;;十级鼓升级凭证;1;;0;;1;;1;1;1;3;3;1;
神猴刺勋;21;1;1;0;;十级鼓升级凭证;1;;0;;1;;1;1;1;3;3;1;
神猴重生铠(男);21;1;1;0;;十级鼓升级凭证;1;;0;;1;;1;1;1;3;3;1;
神猴重生铠(女);21;1;1;0;;十级鼓升级凭证;1;;0;;1;;1;1;1;3;3;1;
邪眼神猴刺戒;21;1;1;0;;十级鼓升级凭证;1;;0;;1;;1;1;1;3;3;1;
邪眼神猴刺勋;21;1;1;0;;十级鼓升级凭证;1;;0;;1;;1;1;1;3;3;1;
斗战胜佛刺刃;21;1;1;0;;十级鼓升级凭证;1;;0;;1;;1;1;1;3;3;1;
斗战胜佛刺男;21;1;1;0;;十级鼓升级凭证;1;;0;;1;;1;1;1;3;3;1;
斗战胜佛刺女;21;1;1;0;;十级鼓升级凭证;1;;0;;1;;1;1;1;3;3;1;
斗战胜佛刺盔;21;1;1;0;;十级鼓升级凭证;1;;0;;1;;1;1;1;3;3;1;
斗战胜佛刺带;21;1;1;0;;十级鼓升级凭证;1;;0;;1;;1;1;1;3;3;1;
斗战胜佛刺靴;21;1;1;0;;十级鼓升级凭证;1;;0;;1;;1;1;1;3;3;1;
斗战胜佛刺链;21;1;1;0;;十级鼓升级凭证;1;;0;;1;;1;1;1;3;3;1;
斗战胜佛刺腕;21;1;1;0;;十级鼓升级凭证;1;;0;;1;;1;1;1;3;3;1;
斗战胜佛刺戒;21;1;1;0;;十级鼓升级凭证;1;;0;;1;;1;1;1;3;3;1;
斗战胜佛刺勋;21;1;1;0;;十级鼓升级凭证;1;;0;;1;;1;1;1;3;3;1;
斗战胜佛刺巾;21;1;1;0;;十级鼓升级凭证;1;;0;;1;;1;1;1;3;3;1;
斗战胜佛刺笠;21;1;1;0;;十级鼓升级凭证;1;;0;;1;;1;1;1;3;3;1;
主宰印(刺);21;1;1;0;;十级鼓升级凭证;1;;0;;1;;1;1;1;3;3;1;
传奇印(刺);21;1;1;0;;十级鼓升级凭证;1;;0;;1;;1;1;1;3;3;1;
皓月印(刺);21;1;1;0;;十级鼓升级凭证;1;;0;;1;;1;1;1;3;3;1;
极品神龙印(刺);21;1;1;0;;十级鼓升级凭证;1;;0;;1;;1;1;1;3;3;1;
神龙印(刺);21;1;1;0;;十级鼓升级凭证;1;;0;;1;;1;1;1;3;3;1;
一级军鼓(刺);21;1;1;0;;十级鼓升级凭证;1;;0;;1;;1;1;1;3;3;1;
二级军鼓(刺);21;1;1;0;;十级鼓升级凭证;1;;0;;1;;1;1;1;3;3;1;
三级军鼓(刺);21;1;1;0;;十级鼓升级凭证;1;;0;;1;;1;1;1;3;3;1;
四级军鼓(刺);21;1;1;0;;十级鼓升级凭证;1;;0;;1;;1;1;1;3;3;1;
五级军鼓(刺);21;1;1;0;;十级鼓升级凭证;1;;0;;1;;1;1;1;3;3;1;
六级军鼓(刺);21;1;1;0;;十级鼓升级凭证;1;;0;;1;;1;1;1;3;3;1;
七级军鼓(刺);21;1;1;0;;十级鼓升级凭证;1;;0;;1;;1;1;1;3;3;1;
八级军鼓(刺);21;1;1;0;;十级鼓升级凭证;1;;0;;1;;1;1;1;3;3;1;
九级军鼓(刺);21;1;1;0;;十级鼓升级凭证;1;;0;;1;;1;1;1;3;3;1;
十级军鼓(刺);21;1;1;0;;十级鼓升级凭证;1;;0;;1;;1;1;1;3;3;1;
十一级军鼓(刺);21;1;1;0;;十级鼓升级凭证;1;;0;;1;;1;1;1;3;3;1;
返璞归真(刺);21;1;1;0;;十级鼓升级凭证;1;;0;;1;;1;1;1;3;3;1;
丽质天成(刺);21;1;1;0;;十级鼓升级凭证;1;;0;;1;;1;1;1;3;3;1;
玉树临风(刺);21;1;1;0;;十级鼓升级凭证;1;;0;;1;;1;1;1;3;3;1;
粉妆玉砌(刺);21;1;1;0;;十级鼓升级凭证;1;;0;;1;;1;1;1;3;3;1;
仙风道骨(刺);21;1;1;0;;十级鼓升级凭证;1;;0;;1;;1;1;1;3;3;1;
蕙质兰心(刺);21;1;1;0;;十级鼓升级凭证;1;;0;;1;;1;1;1;3;3;1;
耀阳时装(刺);21;1;1;0;;十级鼓升级凭证;1;;0;;1;;1;1;1;3;3;1;
暗影时装(刺);21;1;1;0;;十级鼓升级凭证;1;;0;;1;;1;1;1;3;3;1;
暴风时装男(刺);21;1;1;0;;十级鼓升级凭证;1;;0;;1;;1;1;1;3;3;1;
暴风时装女(刺);21;1;1;0;;十级鼓升级凭证;1;;0;;1;;1;1;1;3;3;1;
九天彩凤刺(男);21;1;1;0;;十级鼓升级凭证;1;;0;;1;;1;1;1;3;3;1;
九天彩凤刺(女);21;1;1;0;;十级鼓升级凭证;1;;0;;1;;1;1;1;3;3;1;
神圣天龙刺(男);21;1;1;0;;十级鼓升级凭证;1;;0;;1;;1;1;1;3;3;1;
神圣天龙刺(女);21;1;1;0;;十级鼓升级凭证;1;;0;;1;;1;1;1;3;3;1;
龙腾天下刺(男);21;1;1;0;;十级鼓升级凭证;1;;0;;1;;1;1;1;3;3;1;
龙腾天下刺(女);21;1;1;0;;十级鼓升级凭证;1;;0;;1;;1;1;1;3;3;1;
神翼天尊刺(女);21;1;1;0;;十级鼓升级凭证;1;;0;;1;;1;1;1;3;3;1;
傲视群雄刺(男);21;1;1;0;;十级鼓升级凭证;1;;0;;1;;1;1;1;3;3;1;
傲视群雄刺(女);21;1;1;0;;十级鼓升级凭证;1;;0;;1;;1;1;1;3;3;1;
麒麟坐骑(男);21;1;1;0;;十级鼓升级凭证;1;;0;;1;;1;1;1;3;3;1;
麒麟坐骑(女);21;1;1;0;;十级鼓升级凭证;1;;0;;1;;1;1;1;3;3;1;
金凤战盔;21;1;1;0;;十级鼓升级凭证;1;;0;;1;;1;1;1;3;3;1;
金凤腰带(战);21;1;1;0;;十级鼓升级凭证;1;;0;;1;;1;1;1;3;3;1;
金凤战靴;21;1;1;0;;十级鼓升级凭证;1;;0;;1;;1;1;1;3;3;1;
金凤项链(战);21;1;1;0;;十级鼓升级凭证;1;;0;;1;;1;1;1;3;3;1;
金凤护腕(战);21;1;1;0;;十级鼓升级凭证;1;;0;;1;;1;1;1;3;3;1;
金凤战戒;21;1;1;0;;十级鼓升级凭证;1;;0;;1;;1;1;1;3;3;1;
金凤战勋;21;1;1;0;;十级鼓升级凭证;1;;0;;1;;1;1;1;3;3;1;
金凤面巾(战);21;1;1;0;;十级鼓升级凭证;1;;0;;1;;1;1;1;3;3;1;
金凤斗笠(战);21;1;1;0;;十级鼓升级凭证;1;;0;;1;;1;1;1;3;3;1;
金凤法冠;21;1;1;0;;十级鼓升级凭证;1;;0;;1;;1;1;1;3;3;1;
金凤腰带(法);21;1;1;0;;十级鼓升级凭证;1;;0;;1;;1;1;1;3;3;1;
金凤魔靴;21;1;1;0;;十级鼓升级凭证;1;;0;;1;;1;1;1;3;3;1;
金凤项链(法);21;1;1;0;;十级鼓升级凭证;1;;0;;1;;1;1;1;3;3;1;
金凤护腕(法);21;1;1;0;;十级鼓升级凭证;1;;0;;1;;1;1;1;3;3;1;
金凤魔戒;21;1;1;0;;十级鼓升级凭证;1;;0;;1;;1;1;1;3;3;1;
金凤法勋;21;1;1;0;;十级鼓升级凭证;1;;0;;1;;1;1;1;3;3;1;
金凤面巾(法);21;1;1;0;;十级鼓升级凭证;1;;0;;1;;1;1;1;3;3;1;
金凤斗笠(法);21;1;1;0;;十级鼓升级凭证;1;;0;;1;;1;1;1;3;3;1;
金凤道盔;21;1;1;0;;十级鼓升级凭证;1;;0;;1;;1;1;1;3;3;1;
金凤腰带(道);21;1;1;0;;十级鼓升级凭证;1;;0;;1;;1;1;1;3;3;1;
金凤道靴;21;1;1;0;;十级鼓升级凭证;1;;0;;1;;1;1;1;3;3;1;
金凤项链(道);21;1;1;0;;十级鼓升级凭证;1;;0;;1;;1;1;1;3;3;1;
金凤护腕(道);21;1;1;0;;十级鼓升级凭证;1;;0;;1;;1;1;1;3;3;1;
金凤道戒;21;1;1;0;;十级鼓升级凭证;1;;0;;1;;1;1;1;3;3;1;
金凤道勋;21;1;1;0;;十级鼓升级凭证;1;;0;;1;;1;1;1;3;3;1;
金凤面巾(道);21;1;1;0;;十级鼓升级凭证;1;;0;;1;;1;1;1;3;3;1;
金凤斗笠(道);21;1;1;0;;十级鼓升级凭证;1;;0;;1;;1;1;1;3;3;1;
金凤项链(刺);21;1;1;0;;十级鼓升级凭证;1;;0;;1;;1;1;1;3;3;1;
金凤护腕(刺);21;1;1;0;;十级鼓升级凭证;1;;0;;1;;1;1;1;3;3;1;
金凤刺戒;21;1;1;0;;十级鼓升级凭证;1;;0;;1;;1;1;1;3;3;1;
金凤刺盔;21;1;1;0;;十级鼓升级凭证;1;;0;;1;;1;1;1;3;3;1;
金凤腰带(刺);21;1;1;0;;十级鼓升级凭证;1;;0;;1;;1;1;1;3;3;1;
金凤刺靴;21;1;1;0;;十级鼓升级凭证;1;;0;;1;;1;1;1;3;3;1;
金凤面巾(刺);21;1;1;0;;十级鼓升级凭证;1;;0;;1;;1;1;1;3;3;1;
金凤刺勋;21;1;1;0;;十级鼓升级凭证;1;;0;;1;;1;1;1;3;3;1;
金凤战刃;21;1;1;0;;十级鼓升级凭证;1;;0;;1;;1;1;1;3;3;1;
金凤法杖;21;1;1;0;;十级鼓升级凭证;1;;0;;1;;1;1;1;3;3;1;
金凤道剑;21;1;1;0;;十级鼓升级凭证;1;;0;;1;;1;1;1;3;3;1;
金凤刺刃;21;1;1;0;;十级鼓升级凭证;1;;0;;1;;1;1;1;3;3;1;
金凤刺甲(男);21;1;1;0;;十级鼓升级凭证;1;;0;;1;;1;1;1;3;3;1;
金凤刺甲(女);21;1;1;0;;十级鼓升级凭证;1;;0;;1;;1;1;1;3;3;1;
金凤战甲(男);21;1;1;0;;十级鼓升级凭证;1;;0;;1;;1;1;1;3;3;1;
金凤战甲(女);21;1;1;0;;十级鼓升级凭证;1;;0;;1;;1;1;1;3;3;1;
金凤魔衣(男);21;1;1;0;;十级鼓升级凭证;1;;0;;1;;1;1;1;3;3;1;
金凤魔衣(女);21;1;1;0;;十级鼓升级凭证;1;;0;;1;;1;1;1;3;3;1;
金凤道袍(男);21;1;1;0;;十级鼓升级凭证;1;;0;;1;;1;1;1;3;3;1;
金凤道袍(女);21;1;1;0;;十级鼓升级凭证;1;;0;;1;;1;1;1;3;3;1;
灵凤战盔;21;1;1;0;;十级鼓升级凭证;1;;0;;1;;1;1;1;3;3;1;
灵凤腰带(战);21;1;1;0;;十级鼓升级凭证;1;;0;;1;;1;1;1;3;3;1;
灵凤战靴;21;1;1;0;;十级鼓升级凭证;1;;0;;1;;1;1;1;3;3;1;
灵凤项链(战);21;1;1;0;;十级鼓升级凭证;1;;0;;1;;1;1;1;3;3;1;
灵凤护腕(战);21;1;1;0;;十级鼓升级凭证;1;;0;;1;;1;1;1;3;3;1;
灵凤战戒;21;1;1;0;;十级鼓升级凭证;1;;0;;1;;1;1;1;3;3;1;
灵凤战勋;21;1;1;0;;十级鼓升级凭证;1;;0;;1;;1;1;1;3;3;1;
灵凤面巾(战);21;1;1;0;;十级鼓升级凭证;1;;0;;1;;1;1;1;3;3;1;
灵凤斗笠(战);21;1;1;0;;十级鼓升级凭证;1;;0;;1;;1;1;1;3;3;1;
灵凤法冠;21;1;1;0;;十级鼓升级凭证;1;;0;;1;;1;1;1;3;3;1;
灵凤腰带(法);21;1;1;0;;十级鼓升级凭证;1;;0;;1;;1;1;1;3;3;1;
灵凤魔靴;21;1;1;0;;十级鼓升级凭证;1;;0;;1;;1;1;1;3;3;1;
灵凤项链(法);21;1;1;0;;十级鼓升级凭证;1;;0;;1;;1;1;1;3;3;1;
灵凤护腕(法);21;1;1;0;;十级鼓升级凭证;1;;0;;1;;1;1;1;3;3;1;
灵凤魔戒;21;1;1;0;;十级鼓升级凭证;1;;0;;1;;1;1;1;3;3;1;
灵凤法勋;21;1;1;0;;十级鼓升级凭证;1;;0;;1;;1;1;1;3;3;1;
灵凤面巾(法);21;1;1;0;;十级鼓升级凭证;1;;0;;1;;1;1;1;3;3;1;
灵凤斗笠(法);21;1;1;0;;十级鼓升级凭证;1;;0;;1;;1;1;1;3;3;1;
灵凤道盔;21;1;1;0;;十级鼓升级凭证;1;;0;;1;;1;1;1;3;3;1;
灵凤腰带(道);21;1;1;0;;十级鼓升级凭证;1;;0;;1;;1;1;1;3;3;1;
灵凤道靴;21;1;1;0;;十级鼓升级凭证;1;;0;;1;;1;1;1;3;3;1;
灵凤项链(道);21;1;1;0;;十级鼓升级凭证;1;;0;;1;;1;1;1;3;3;1;
灵凤护腕(道);21;1;1;0;;十级鼓升级凭证;1;;0;;1;;1;1;1;3;3;1;
灵凤道戒;21;1;1;0;;十级鼓升级凭证;1;;0;;1;;1;1;1;3;3;1;
灵凤道勋;21;1;1;0;;十级鼓升级凭证;1;;0;;1;;1;1;1;3;3;1;
灵凤面巾(道);21;1;1;0;;十级鼓升级凭证;1;;0;;1;;1;1;1;3;3;1;
灵凤斗笠(道);21;1;1;0;;十级鼓升级凭证;1;;0;;1;;1;1;1;3;3;1;
灵凤项链(刺);21;1;1;0;;十级鼓升级凭证;1;;0;;1;;1;1;1;3;3;1;
灵凤护腕(刺);21;1;1;0;;十级鼓升级凭证;1;;0;;1;;1;1;1;3;3;1;
灵凤刺戒;21;1;1;0;;十级鼓升级凭证;1;;0;;1;;1;1;1;3;3;1;
灵凤刺盔;21;1;1;0;;十级鼓升级凭证;1;;0;;1;;1;1;1;3;3;1;
灵凤腰带(刺);21;1;1;0;;十级鼓升级凭证;1;;0;;1;;1;1;1;3;3;1;
灵凤刺靴;21;1;1;0;;十级鼓升级凭证;1;;0;;1;;1;1;1;3;3;1;
灵凤面巾(刺);21;1;1;0;;十级鼓升级凭证;1;;0;;1;;1;1;1;3;3;1;
灵凤刺勋;21;1;1;0;;十级鼓升级凭证;1;;0;;1;;1;1;1;3;3;1;
灵凤战刃;21;1;1;0;;十级鼓升级凭证;1;;0;;1;;1;1;1;3;3;1;
灵凤法杖;21;1;1;0;;十级鼓升级凭证;1;;0;;1;;1;1;1;3;3;1;
灵凤道剑;21;1;1;0;;十级鼓升级凭证;1;;0;;1;;1;1;1;3;3;1;
灵凤刺刃;21;1;1;0;;十级鼓升级凭证;1;;0;;1;;1;1;1;3;3;1;
灵凤刺甲(男);21;1;1;0;;十级鼓升级凭证;1;;0;;1;;1;1;1;3;3;1;
灵凤刺甲(女);21;1;1;0;;十级鼓升级凭证;1;;0;;1;;1;1;1;3;3;1;
灵凤战甲(男);21;1;1;0;;十级鼓升级凭证;1;;0;;1;;1;1;1;3;3;1;
灵凤战甲(女);21;1;1;0;;十级鼓升级凭证;1;;0;;1;;1;1;1;3;3;1;
灵凤魔衣(男);21;1;1;0;;十级鼓升级凭证;1;;0;;1;;1;1;1;3;3;1;
灵凤魔衣(女);21;1;1;0;;十级鼓升级凭证;1;;0;;1;;1;1;1;3;3;1;
灵凤道袍(男);21;1;1;0;;十级鼓升级凭证;1;;0;;1;;1;1;1;3;3;1;
灵凤道袍(女);21;1;1;0;;十级鼓升级凭证;1;;0;;1;;1;1;1;3;3;1;
神凤战盔;21;1;1;0;;十级鼓升级凭证;1;;0;;1;;1;1;1;3;3;1;
神凤腰带(战);21;1;1;0;;十级鼓升级凭证;1;;0;;1;;1;1;1;3;3;1;
神凤战靴;21;1;1;0;;十级鼓升级凭证;1;;0;;1;;1;1;1;3;3;1;
神凤项链(战);21;1;1;0;;十级鼓升级凭证;1;;0;;1;;1;1;1;3;3;1;
神凤护腕(战);21;1;1;0;;十级鼓升级凭证;1;;0;;1;;1;1;1;3;3;1;
神凤战戒;21;1;1;0;;十级鼓升级凭证;1;;0;;1;;1;1;1;3;3;1;
神凤战勋;21;1;1;0;;十级鼓升级凭证;1;;0;;1;;1;1;1;3;3;1;
神凤面巾(战);21;1;1;0;;十级鼓升级凭证;1;;0;;1;;1;1;1;3;3;1;
神凤斗笠(战);21;1;1;0;;十级鼓升级凭证;1;;0;;1;;1;1;1;3;3;1;
神凤法冠;21;1;1;0;;十级鼓升级凭证;1;;0;;1;;1;1;1;3;3;1;
神凤腰带(法);21;1;1;0;;十级鼓升级凭证;1;;0;;1;;1;1;1;3;3;1;
神凤魔靴;21;1;1;0;;十级鼓升级凭证;1;;0;;1;;1;1;1;3;3;1;
神凤项链(法);21;1;1;0;;十级鼓升级凭证;1;;0;;1;;1;1;1;3;3;1;
神凤护腕(法);21;1;1;0;;十级鼓升级凭证;1;;0;;1;;1;1;1;3;3;1;
神凤魔戒;21;1;1;0;;十级鼓升级凭证;1;;0;;1;;1;1;1;3;3;1;
神凤法勋;21;1;1;0;;十级鼓升级凭证;1;;0;;1;;1;1;1;3;3;1;
神凤面巾(法);21;1;1;0;;十级鼓升级凭证;1;;0;;1;;1;1;1;3;3;1;
神凤斗笠(法);21;1;1;0;;十级鼓升级凭证;1;;0;;1;;1;1;1;3;3;1;
神凤道盔;21;1;1;0;;十级鼓升级凭证;1;;0;;1;;1;1;1;3;3;1;
神凤腰带(道);21;1;1;0;;十级鼓升级凭证;1;;0;;1;;1;1;1;3;3;1;
神凤道靴;21;1;1;0;;十级鼓升级凭证;1;;0;;1;;1;1;1;3;3;1;
神凤项链(道);21;1;1;0;;十级鼓升级凭证;1;;0;;1;;1;1;1;3;3;1;
神凤护腕(道);21;1;1;0;;十级鼓升级凭证;1;;0;;1;;1;1;1;3;3;1;
神凤道戒;21;1;1;0;;十级鼓升级凭证;1;;0;;1;;1;1;1;3;3;1;
神凤道勋;21;1;1;0;;十级鼓升级凭证;1;;0;;1;;1;1;1;3;3;1;
神凤面巾(道);21;1;1;0;;十级鼓升级凭证;1;;0;;1;;1;1;1;3;3;1;
神凤斗笠(道);21;1;1;0;;十级鼓升级凭证;1;;0;;1;;1;1;1;3;3;1;
神凤项链(刺);21;1;1;0;;十级鼓升级凭证;1;;0;;1;;1;1;1;3;3;1;
神凤护腕(刺);21;1;1;0;;十级鼓升级凭证;1;;0;;1;;1;1;1;3;3;1;
神凤刺戒;21;1;1;0;;十级鼓升级凭证;1;;0;;1;;1;1;1;3;3;1;
神凤刺盔;21;1;1;0;;十级鼓升级凭证;1;;0;;1;;1;1;1;3;3;1;
神凤腰带(刺);21;1;1;0;;十级鼓升级凭证;1;;0;;1;;1;1;1;3;3;1;
神凤刺靴;21;1;1;0;;十级鼓升级凭证;1;;0;;1;;1;1;1;3;3;1;
神凤面巾(刺);21;1;1;0;;十级鼓升级凭证;1;;0;;1;;1;1;1;3;3;1;
神凤刺勋;21;1;1;0;;十级鼓升级凭证;1;;0;;1;;1;1;1;3;3;1;
神凤战刃;21;1;1;0;;十级鼓升级凭证;1;;0;;1;;1;1;1;3;3;1;
神凤法杖;21;1;1;0;;十级鼓升级凭证;1;;0;;1;;1;1;1;3;3;1;
神凤道剑;21;1;1;0;;十级鼓升级凭证;1;;0;;1;;1;1;1;3;3;1;
神凤刺刃;21;1;1;0;;十级鼓升级凭证;1;;0;;1;;1;1;1;3;3;1;
神凤战甲(男);21;1;1;0;;十级鼓升级凭证;1;;0;;1;;1;1;1;3;3;1;
神凤战甲(女);21;1;1;0;;十级鼓升级凭证;1;;0;;1;;1;1;1;3;3;1;
神凤魔衣(男);21;1;1;0;;十级鼓升级凭证;1;;0;;1;;1;1;1;3;3;1;
神凤魔衣(女);21;1;1;0;;十级鼓升级凭证;1;;0;;1;;1;1;1;3;3;1;
神凤道袍(男);21;1;1;0;;十级鼓升级凭证;1;;0;;1;;1;1;1;3;3;1;
神凤道袍(女);21;1;1;0;;十级鼓升级凭证;1;;0;;1;;1;1;1;3;3;1;
神凤刺甲(男);21;1;1;0;;十级鼓升级凭证;1;;0;;1;;1;1;1;3;3;1;
神凤刺甲(女);21;1;1;0;;十级鼓升级凭证;1;;0;;1;;1;1;1;3;3;1;
凤灵石;21;1;1;0;;十级鼓升级凭证;1;;0;;1;;1;1;1;3;3;1;
啸天战盔;21;1;1;0;;十级鼓升级凭证;1;;0;;1;;1;1;1;3;3;1;
啸天腰带(战);21;1;1;0;;十级鼓升级凭证;1;;0;;1;;1;1;1;3;3;1;
啸天战靴;21;1;1;0;;十级鼓升级凭证;1;;0;;1;;1;1;1;3;3;1;
啸天项链(战);21;1;1;0;;十级鼓升级凭证;1;;0;;1;;1;1;1;3;3;1;
啸天护腕(战);21;1;1;0;;十级鼓升级凭证;1;;0;;1;;1;1;1;3;3;1;
啸天战戒;21;1;1;0;;十级鼓升级凭证;1;;0;;1;;1;1;1;3;3;1;
啸天战勋;21;1;1;0;;十级鼓升级凭证;1;;0;;1;;1;1;1;3;3;1;
啸天面巾(战);21;1;1;0;;十级鼓升级凭证;1;;0;;1;;1;1;1;3;3;1;
啸天斗笠(战);21;1;1;0;;十级鼓升级凭证;1;;0;;1;;1;1;1;3;3;1;
啸天法冠;21;1;1;0;;十级鼓升级凭证;1;;0;;1;;1;1;1;3;3;1;
啸天腰带(法);21;1;1;0;;十级鼓升级凭证;1;;0;;1;;1;1;1;3;3;1;
啸天魔靴;21;1;1;0;;十级鼓升级凭证;1;;0;;1;;1;1;1;3;3;1;
啸天项链(法);21;1;1;0;;十级鼓升级凭证;1;;0;;1;;1;1;1;3;3;1;
啸天护腕(法);21;1;1;0;;十级鼓升级凭证;1;;0;;1;;1;1;1;3;3;1;
啸天魔戒;21;1;1;0;;十级鼓升级凭证;1;;0;;1;;1;1;1;3;3;1;
啸天法勋;21;1;1;0;;十级鼓升级凭证;1;;0;;1;;1;1;1;3;3;1;
啸天面巾(法);21;1;1;0;;十级鼓升级凭证;1;;0;;1;;1;1;1;3;3;1;
啸天斗笠(法);21;1;1;0;;十级鼓升级凭证;1;;0;;1;;1;1;1;3;3;1;
啸天道盔;21;1;1;0;;十级鼓升级凭证;1;;0;;1;;1;1;1;3;3;1;
啸天腰带(道);21;1;1;0;;十级鼓升级凭证;1;;0;;1;;1;1;1;3;3;1;
啸天道靴;21;1;1;0;;十级鼓升级凭证;1;;0;;1;;1;1;1;3;3;1;
啸天项链(道);21;1;1;0;;十级鼓升级凭证;1;;0;;1;;1;1;1;3;3;1;
啸天护腕(道);21;1;1;0;;十级鼓升级凭证;1;;0;;1;;1;1;1;3;3;1;
啸天道戒;21;1;1;0;;十级鼓升级凭证;1;;0;;1;;1;1;1;3;3;1;
啸天道勋;21;1;1;0;;十级鼓升级凭证;1;;0;;1;;1;1;1;3;3;1;
啸天面巾(道);21;1;1;0;;十级鼓升级凭证;1;;0;;1;;1;1;1;3;3;1;
啸天斗笠(道);21;1;1;0;;十级鼓升级凭证;1;;0;;1;;1;1;1;3;3;1;
啸天项链(刺);21;1;1;0;;十级鼓升级凭证;1;;0;;1;;1;1;1;3;3;1;
啸天护腕(刺);21;1;1;0;;十级鼓升级凭证;1;;0;;1;;1;1;1;3;3;1;
啸天刺戒;21;1;1;0;;十级鼓升级凭证;1;;0;;1;;1;1;1;3;3;1;
啸天刺盔;21;1;1;0;;十级鼓升级凭证;1;;0;;1;;1;1;1;3;3;1;
啸天腰带(刺);21;1;1;0;;十级鼓升级凭证;1;;0;;1;;1;1;1;3;3;1;
啸天刺靴;21;1;1;0;;十级鼓升级凭证;1;;0;;1;;1;1;1;3;3;1;
啸天面巾(刺);21;1;1;0;;十级鼓升级凭证;1;;0;;1;;1;1;1;3;3;1;
啸天刺勋;21;1;1;0;;十级鼓升级凭证;1;;0;;1;;1;1;1;3;3;1;
啸天战刃;21;1;1;0;;十级鼓升级凭证;1;;0;;1;;1;1;1;3;3;1;
啸天法杖;21;1;1;0;;十级鼓升级凭证;1;;0;;1;;1;1;1;3;3;1;
啸天道剑;21;1;1;0;;十级鼓升级凭证;1;;0;;1;;1;1;1;3;3;1;
啸天刺刃;21;1;1;0;;十级鼓升级凭证;1;;0;;1;;1;1;1;3;3;1;
啸天战甲(男);21;1;1;0;;十级鼓升级凭证;1;;0;;1;;1;1;1;3;3;1;
啸天战甲(女);21;1;1;0;;十级鼓升级凭证;1;;0;;1;;1;1;1;3;3;1;
啸天魔衣(男);21;1;1;0;;十级鼓升级凭证;1;;0;;1;;1;1;1;3;3;1;
啸天魔衣(女);21;1;1;0;;十级鼓升级凭证;1;;0;;1;;1;1;1;3;3;1;
啸天道袍(男);21;1;1;0;;十级鼓升级凭证;1;;0;;1;;1;1;1;3;3;1;
啸天道袍(女);21;1;1;0;;十级鼓升级凭证;1;;0;;1;;1;1;1;3;3;1;
啸天刺甲(男);21;1;1;0;;十级鼓升级凭证;1;;0;;1;;1;1;1;3;3;1;
啸天刺甲(女);21;1;1;0;;十级鼓升级凭证;1;;0;;1;;1;1;1;3;3;1;
凤灵石;21;1;1;0;;十级鼓升级凭证;1;;0;;1;;1;1;1;3;3;1;
