Ä¬ÈÏÃû×Ö
225          750
810          1450
105          350
180          600
330          1100
795          2650
165          550
255          850
435          1450
780          2600
225          750
360          1200
825          2750
765          2550
405          1350
600          2000
960          3200
750          2500
480          1600
720          2400
1110          4250
735          2400
555          2100
855          3400
1275          3700
720          2450
630          1850
1020          2850
1860          6200
630          2100
915          3050
1560          5200
2160          7200
525          1750
1065          3550
1770          5900
2580          8600
495          1650
1245          4150
2040          6800
3540          11800
495          1650
1710          5700
2640          8800