20          360
20          360
20          360
20          360
20          360
20          360
20          360
20          360
20          360
20          270
20          270
20          270
20          270
20          270
20          270
20          270
20          270
20          270
20          270
20          240
20          240
20          240
20          240
20          240
20          240
20          240
20          240
20          240
20          240
35          210
35          210
35          210
35          210
35          210
35          210
35          210
35          210
35          210
35          210
50          180
50          180
50          180
50          180
50          180
50          180
50          180
50          180
50          180
50          180
50          180