600          500
900          750
1200          1000
1500          1250
1800          1500
2100          1750
2400          2000
2700          2250
3000          2500
3700          3000
4100          3350
4500          3700
4900          4050
5300          4400
5700          4750
6100          5100
6500          5450
6900          5800
7300          6150
8000          7650
8500          8100
9000          8550
9500          9000
10000          9450
10500          9900
11000          10350
11500          10800
12000          11250
12500          11700
13200          13700
13700          14300
14200          14900
14700          15500
15200          16100
15700          16700
16200          17300
16700          17900
17200          18500
17700          19100
18500          23000
19000          23800
19500          24600
20000          25400
20500          26200
21000          27000
21500          27800
22000          28600
22500          29400
23000          30200
25000          35000