0          0
0          0
0          0
0          0
0          0
0          0
0          0
0          0
0          0
2          0
2          1000
2          1500
2          2000
2          2500
2          3000
2          3500
2          4000
2          4500
2          5000
4          6500
4          7000
4          7500
4          8000
4          8500
4          9000
4          9500
4          10000
4          10500
4          11000
6          13000
6          14000
6          15000
6          16000
6          17000
6          18000
6          19000
6          20000
6          21000
6          22000
8          25000
8          28000
8          31000
8          34000
8          37000
8          40000
10          43000
10          46000
10          49000
10          52000
10          60000