50          0
80          0
110          0
140          0
170          0
200          0
230          0
260          0
290          0
320          2
350          2
380          2
410          2
440          2
470          2
500          2
530          2
560          2
590          2
620          4
650          4
680          4
710          4
740          4
770          4
800          4
830          4
860          4
890          4
920          6
950          6
980          6
1010          6
1040          6
1070          6
1100          6
1130          6
1160          6
1190          6
1220          8
1250          8
1280          8
1310          8
1340          8
1370          8
1400          10
1430          10
1460          10
1490          10
1520          10