15          1
30          1
45          1
60          1
75          1
90          1
105          1
120          2
135          2
150          2
165          2
180          2
195          2
210          2
225          3
240          3
255          3
270          3
285          3
300          3
315          3
330          4
345          4
360          4
375          4
390          4
405          4
420          4
435          5
450          5
465          5
480          5
495          5
510          5
525          5