200          400
400          800
600          1200
800          1600
1000          2000
1200          2400
1400          2800
1600          3200
1800          3600
2000          4000
2200          4400
2400          4800
2600          5200
2800          5600
3000          6000
3200          6400
3400          6800
3600          7200
3800          7600
4000          8000
4200          8400
4400          8800
4600          9200
4800          9600
5000          10000
5200          10400
5400          10800
5600          11200
5800          11600
6000          12000
6200          12400
6400          12800
6600          13200
6800          13600
7000          14000