36          82
39          110
42          137
45          181
48          225
51          269
54          313
57          357
60          434
63          511
66          588
69          665
72          742
75          863
78          984
81          1105
84          1226
87          1347
90          1523
93          1699
96          1875
99          2051
102          2227
105          2469
108          2711
111          2953
114          3195
117          3437
120          3756
123          4075
126          4394
129          4713
132          5032
135          5439
138          6000
141          6500
144          7000
147          7500
150          8000
153          8500
156          9000
159          9500
162          10000
165          10500
168          11000
171          11500
174          12000
177          12500
180          13000
183          13500
186          14000
189          14500
192          15000
195          16000
198          17000
201          18000
204          19000
207          20000
210          21000
213          22000
216          23000
219          24000
222          25000
225          26000
228          27000
231          28000
234          29000
237          30000
240          31000
243          32000
246          33000
249          34000
252          35000
255          36000
258          37000
261          38000
264          39000
267          40000
270          41000
270          42000