36          110
39          147
42          183
45          242
48          300
51          359
54          418
57          476
60          579
63          682
66          784
69          887
72          990
75          1151
78          1312
81          1474
84          1635
87          1796
90          2031
93          2266
96          2500
99          2735
102          2970
105          3292
108          3615
111          3938
114          4260
117          4583
120          5008
123          5434
126          5859
129          6284
132          6710
135          7252
138          7815
141          8500
144          9100
147          9700
150          10300
153          11000
156          11700
159          12400
162          13200
165          14000
168          14800
171          15600
174          16500
177          17400
180          18300
183          19200
186          20200
189          21200
192          22200
195          23300
198          24400
201          25500
204          26700
207          27800
210          28900
213          30100
216          31300
219          32500
222          33700
225          35000
228          36300
231          37600
234          39000
237          40400
240          41800
243          43300
246          44800
249          46300
252          47900
255          49800
258          52000
261          54000
264          56000
267          58000
270          60000
270          60000