36          137
39          183
42          228
45          302
48          375
51          448
54          522
57          595
60          723
63          852
66          980
69          1108
72          1237
75          1438
78          1640
81          1842
84          2043
87          2245
90          2538
93          2832
96          3125
99          3418
102          3712
105          4115
108          4518
111          4922
114          5325
117          5728
120          6260
123          6792
126          7323
129          7855
132          8387
135          9065
138          9800
141          10500
144          11300
147          12100
150          12900
153          13800
156          14700
159          15600
162          16600
165          17600
168          18600
171          19700
174          20800
177          21900
180          23100
183          24300
186          24500
189          25800
192          27100
195          28400
198          29800
201          31200
204          32600
207          34100
210          35600
213          37100
216          36700
219          38400
222          40000
225          41700
228          43400
231          45100
234          46900
237          48700
240          50500
243          52400
246          54300
249          56200
252          58200
255          60200
258          62200
261          64300
264          66400
267          68500
270          70000
270          72000