36          56
39          74
42          92
45          121
48          151
51          180
54          209
57          238
60          290
63          341
66          392
69          444
72          495
75          576
78          656
81          737
84          818
87          898
90          1016
93          1133
96          1250
99          1368
102          1485
105          1646
108          1808
111          1969
114          2130
117          2292
120          2504
123          2717
126          2930
129          3142
132          3355
135          3626
138          4021
141          4476
144          4958
147          5578
150          6129
153          6731
156          8000
159          9000
162          10000
165          11000
168          12000
171          13000
174          14000
177          15000
180          16000
183          17000
186          18000
189          19000
192          20000
195          21000
198          22000
201          23000
204          24000
207          25000
210          26000
213          27000
216          28000
219          29000
222          30000
225          31000
228          32000
231          33000
234          34000
237          35000
240          36000
243          37000
246          38000
249          39000
252          40000
255          50000
258          51000
261          52000
264          53000
267          54000
270          55000
270          55000