250          10000
500          20000
750          30000
1000          40000
1250          50000
1500          60000
1750          70000
2000          80000
2250          90000
2500          100000
2750          110000
3000          120000
3250          130000
3500          140000
3750          150000
4000          160000
4250          170000
4500          180000
4750          190000
5000          200000
5250          210000
5500          220000
5750          230000
6000          240000
6250          250000
6500          260000
6750          270000
7000          280000
7250          290000
7500          300000
7750          310000
8000          320000
8250          330000
8500          340000
8750          350000