36          27
39          37
42          46
45          60
48          75
51          90
54          104
57          119
60          145
63          170
66          196
69          222
72          247
75          288
78          328
81          368
84          409
87          449
90          508
93          566
96          625
99          684
102          742
105          798
108          904
111          984
114          1065
117          1146
120          1252
123          1358
126          1465
129          1571
132          1677
135          1813
138          2000
141          2200
144          2400
147          2600
150          3000
153          3200
156          3400
159          3600
162          3800
165          4000
168          4200
171          4400
174          4600
177          4800
180          5000
183          5200
186          5400
189          5600
192          5800
195          6000
198          6200
201          6400
204          6600
207          6800
210          7000
213          7200
216          7400
219          7600
222          7800
225          8000
228          8200
231          8400
234          8600
237          8800
240          9000
243          9200
246          9400
249          9600
252          9800
255          10000
258          10500
261          11000
264          11500
267          12000
270          12500
270          13000