20          2
40          4
60          6
80          8
100          10
120          12
140          14
160          16
180          18
200          20
220          22
240          24
260          26
280          28
300          30
320          32
340          34
360          36
380          38
400          40
420          42
440          44
460          46
480          48
500          50
520          52
540          54
560          56
580          58
600          60
620          62
640          64
660          66
680          68
700          70