210
430
660
900
1150
1410
1680
1960
2250
2550
3009
3477
3954
4440
4935
5439
5952
6474
7005
7545
8401
9273
10161
11065
11985
12921
13873
14841
15825
16825
18115
19420
20740
22075
23425
24790
26170
27565
28975
30400
32304
34222
36154
38100
40060
42034
44022
46024
48040
50070
52683
55309
57948
60600
63265
65943
68634
71338
74055
76785
80037
83301
86577
89865
93165
96477
99801
103137
106485
109845
113706
117578
121461
125355
129260
133176
137103
141041
144990
148950
153760
158580
163410
168250
173100
177960
182830
187710
192600
197500
203089
208687
214294
219910
225535
231169
236812
241406
250000